53.0
53.5
61.0
60.5
58.5
59.0
57.5
59.5
62.0
65.5
69.5
72.0
70.5
68.0
63.5
58.0
50.0
44.5
39.0
34.0
26.5
23.5
17.0
11.5
5.0
-2.5
-7.0
-10.0
-14.0
-15.0
-13.5
-10.5
-8.0
-2.0
3.5
9.0
16.5
23.0
29.0
39.5
45.0
53.5
57.0
62.0
65.0
65.5
66.5
65.0
62.5
58.0
53.0
45.5
39.0
30.5
25.5
20.0
14.5
9.0
6.0
3.0
1.0
-1.0
-3.0
-3.5
-5.0
-4.0
-4.5
-5.0
-1.5
3.5
13.0
20.0
27.5
32.5
38.0
46.0
49.5
53.5
57.5
65.5
64.5
67.5
72.0
72.0
71.0
69.5
63.0
57.0
50.5
43.5
33.0
27.0
20.5
9.5
3.5
-0.5
-3.5
-4.5
-5.5
-4.5
-3.0
1.0
9.5
19.5
31.0
46.0
51.0
61.0
65.5
65.5
74.0
76.0
80.0
79.0
82.0
82.0
80.5
80.0
78.0
80.0
76.5
71.0
58.0
44.0
37.5
30.5
24.5
24.0
20.5
18.0
16.0
14.0
14.0
13.5
15.5
14.0
21.0
28.5
37.5
44.0
58.0
64.0
67.5
69.5
71.0
72.5
71.5
