273.0
33.0
nan
nan
nan
nan
253.0
306.0
nan
nan
nan
296.920716112532
268.2257806244996
201.39189725936714
170.86611711199546
171.0553387726144
171.37846291331547
214.4908906882591
272.33706720977597
282.82524752475246
271.459992698065
238.1286266924565
243.40347490347492
239.04701873935264
260.0278184480234
218.56509433962265
215.531556039173
279.6766917293233
272.4521994919107
274.42761692650333
234.4091422121896
231.79992917847025
273.55764766572094
287.0654186381403
275.9225663716814
254.0205898720089
210.4540470815866
184.2031496062992
188.26124945391
196.79556541019954
233.95708352561144
243.10735227785295
261.6373429084381
275.5184856551316
276.63751006171185
284.0490272373541
311.2942005165532
283.9806512505899
265.22555162081176
250.54189602446482
229.54494750656167
210.7685546875
196.4763343403827
181.0661492978566
159.97993447993449
132.52050300710772
121.47797501643656
123.4130579613591
144.5503003003003
161.86308973172987
80.37163561076605
80.88048245614036
80.83457051961824
77.27939590075512
88.39887640449439
107.44389027431421
115.57848837209302
107.24113475177305
116.92184368737475
116.52914798206278
116.56719817767653
126.95100864553314
156.67084639498432
183.79429735234217
209.87239944521497
227.66205305651673
236.18232044198896
238.624938149431
232.58980392156863
240.08930356547816
237.75382653061226
226.9109325881942
218.48095567867037
212.40703703703704
210.15047021943573
206.51403798513624
189.7621359223301
141.4471153846154
117.77422003284072
124.88847812692545
127.04735062006765
129.08244869072894
104.88499269463577
89.67982176957352
84.93335611756665
92.60484145925673
110.23866072901204
132.86696950032447
153.25097276264592
162.71123899796885
156.28415387050816
129.06567901234567
145.48115384615386
156.2927120669056
155.5990855836548
166.39766483516485
196.86560527825588
224.40192198982476
236.05390283842794
242.88725836037815
235.85177423861413
214.6747249936045
185.8703459202535
178.78772013326986
200.71495535714286
230.54018777192582
234.05095846645366
253.8569727441122
248.85551330798478
219.87610504420178
215.21856130217904
222.44009244617442
241.0958410780669
246.39486893474623
208.75642486390683
166.82052040212892
183.52581906431172
192.3491504854369
165.16378263509412
155.11659104359833
187.0880227155395
227.07182500816194
257.46156061042325
273.3388801879405
214.8718035563082
218.23474663908996
233.59810426540284
210.07078093009653
155.9975677553857
185.64182344428366
204.1110128261831
201.3263927968486
179.4569288389513
179.63176007866272
157.50652173913045
206.46434403919434
204.14838367779544
161.53636790239324
151.711072056239
192.68757170172083
212.73426086956522
202.4688524590164
179.83893871449925
184.6475078581051
230.46246246246247
249.57356235997014
221.21985157699444
202.02252458266636
187.67371156344737
176.6628411476557
168.66950895016933
186.70791468358894
205.12176337803746
226.56810020876827
243.05435310103854
252.19733947837017
266.2774972287227
277.6302382908792
287.33818244052713
297.0871502405988
299.3886962552011
318.41296012269936
325.0913261961984
331.68125
343.59660056657225
329.29651162790697
325.36636528028936
344.5296052631579
337.38085370907584
325.6448986975398
313.534150025172
295.96056744409714
278.66354044548655
271.62789507357644
258.594661335842
252.20874686443452
233.22873443983403
212.12451945616502
197.46910913332758
179.80041288191578
165.31922564464298
163.6535453373442
166.1786307256568
159.00130177514794
156.76197061365602
199.42510589141318
204.62689804772234
190.87146171693735
202.51581196581196
201.62879409351928
221.62814390321554
245.39505950234403
206.19345718901454
165.4814241486068
154.7791065504205
153.51187518058364
168.78106124893924
201.10709038472004
227.28280451734338
254.50565093607108
272.88300975756965
292.19498834498836
315.140002611989
325.1451205832866
329.48070346849045
325.87061252580867
323.97223705285637
333.0797155688623
331.1775641025641
323.45309734513273
318.17632043981934
315.3295065113091
308.98278856781934
295.9768870684611
281.7598375222138
283.5031666302686
277.8359111639897
246.75909947436278
227.60086746015736
211.36596081187946
192.4156378600823
177.494340232859
172.89685212298681
171.0218233278713
171.78886484687084
158.7677412375595
135.28516902944384
185.01257861635222
208.21636771300447
163.9396984924623
165.1223371880706
196.13723241590213
207.56433408577877
187.98480972177805
167.2593261770645
164.63888888888889
162.2848238960428
170.92313214706937
196.51897883775612
219.10201314986782
242.89550847457627
261.4208434318953
273.8356359649123
299.64479981323683
309.07031877846237
313.4671648910797
320.93212341197824
320.5367293397464
314.49901960784314
333.7880704925441
331.02289669861557
323.2082592373049
318.45659722222223
317.0687143761875
302.0326716294458
280.6122301290556
273.7144631365022
267.65020833333335
258.09672491167765
245.05551470588236
236.49611377542584
219.7666101558085
209.65567151672127
196.20444768501642
179.16062364031907
172.30184804928132
172.65753067084313
166.12789851304981
150.6275191104934
211.55096418732782
215.20524899057872
154.54949570414644
146.36013813517513
185.24938531787848
181.55529515160393
170.64474954413816
168.01801342509984
158.7937881873727
177.4780559646539
202.16191155492155
225.73142085723927
250.64786161335186
266.9493848478308
270.9063436238114
291.82013698630135
310.25794774944916
309.0131836807411
321.56526922312736
322.262290725485
319.7165071770335
320.3200992555831
328.5378787878788
331.61456152593627
318.7719883284702
313.58511220580186
304.9378996970717
287.6579613801836
274.14348142753096
274.275927174646
268.218049741443
256.1540577716644
230.95433624031008
212.76616575591984
199.0859615165661
185.4085720680394
180.70390832821772
181.24593057462246
195.53510794382728
193.68737270875764
182.6981354268891
243.13028515240904
240.45051546391753
140.85118483412322
136.4927367809413
172.07418622255867
176.29035457475825
194.15055350553504
204.86213935764835
192.50311345646438
187.2917456226787
198.39703179249778
213.66715318320823
231.2286985858876
246.75531523578312
258.0399610998143
285.5582605076987
299.9269462550732
316.0749588138386
334.7969769291965
331.27302393038434
330.8743205044575
357.19107856191744
335.9357959542656
308.48006379585325
324.9619028421689
331.6144578313253
326.4738827626233
323.7606507652006
311.58464384828864
299.8870033670034
292.5376708187205
273.81146484181295
257.1717105263158
240.2990544887416
223.89593092679343
210.08438965098108
195.41635597341548
187.38094478135972
182.6381532136928
175.60439241486068
165.9029175050302
189.15728900255755
160.7417840375587
182.3813420621931
144.27107843137256
163.77375352775164
201.46818181818182
227.39092637870144
216.48087248322148
180.2923076923077
173.13842883712692
187.28139208068117
215.67971171729695
238.54368530020704
250.75877950489348
266.42005565068496
278.84537725823594
298.3600366916374
314.2629926205056
322.1501150646132
325.460752438458
320.08762727553227
317.17632702867604
317.01768346595935
294.97294372294374
324.0760827155677
318.12078812107364
311.45810349356447
299.06309226932666
291.3601209764528
293.6074161271336
282.995572961008
275.1839258114374
280.31499701848537
260.32655471004983
247.23986205256273
230.39840591428901
217.33742806551572
201.39372649910945
194.7935354308119
188.89357076301894
169.93105670103094
149.1142061281337
164.73679690854445
134.41279940119762
196.11939636040833
175.91923799302387
187.63307776560788
170.7484565458287
177.3118083424541
180.04955844155845
187.11105486940676
204.8771341162538
217.0285654494088
229.77992478277784
248.78668730650153
267.02476728723406
286.5420454545455
298.62953904045156
305.77860465116277
307.3432020695602
301.9355062413315
318.5513639001741
321.75029308323565
319.39690721649487
301.2672218016654
319.4471440750213
317.7979885057471
317.97804251343143
301.8784130688448
293.78675384939885
294.57185854025585
299.9130434782609
285.1950398582817
266.790463833928
248.00752219046186
233.98525112941803
236.06766917293234
243.96659088662648
222.64029729179393
195.99075841285787
191.9117588736863
185.25730223123733
186.16957414058493
181.94037336305377
217.32555282555282
228.70845313398505
180.1082910321489
192.9830050212437
206.05209260908282
234.17962356792145
242.73836090804156
210.50231797109353
181.47614542505744
181.74881026277674
182.68621163536417
190.69732855962545
198.50691290745786
219.48889368125944
239.23137755102042
260.3513390830685
284.9674343288953
300.5222109189556
301.37306566290255
307.0202671579917
309.0182392996109
320.5092995647012
330.5214557305812
332.86602870813397
297.57045260461143
316.2223880597015
324.8091127098321
324.6227786752827
324.65933656354827
312.6437674852347
299.45074397126734
301.3902554399243
301.73
284.17101883561645
275.16952018600716
278.4367499508164
289.5504418876105
270.42364843503003
263.9569497502204
245.17402269861287
226.82338732594488
213.35418571242002
203.8304143012441
191.58585858585857
188.9276451999564
175.93591146783413
163.20116566584247
185.35597014925372
139.57311385459533
203.4667959282598
226.7040787623066
236.51670492221373
194.93540328336903
173.98490186210367
160.9346846846847
162.32334152334153
168.64369900271984
214.5433592624604
208.67154292023184
177.75270935960592
174.79363932056378
156.5427643450018
151.05477150537635
150.99386879215206
171.86412172984518
169.72296947749612
153.1812725090036
136.94970719944885
167.15741789354473
183.77124802527646
182.00716043857688
192.0071829011913
197.42128325508608
208.9714617768595
217.10293561799168
226.77529398067296
243.20524124418318
243.0918305043351
248.4427517833394
252.986229344016
254.4723712835388
264.0976472669379
244.25330444203684
187.83906007537132
175.35178735105407
185.4469721767594
191.56257955027579
197.9699716713881
206.79539892315222
208.75699338031177
215.09038932752517
227.3233040022708
232.69193795062267
233.87677081311858
247.32166666666666
252.22532942898974
235.3540994548893
220.96110285926477
203.1042992394847
168.24110796348756
195.23785803237857
208.92027984902882
197.71163704716335
194.48145327138397
199.84296935814876
194.65806589950682
191.62991447324802
202.16524182459497
214.03159423798573
205.94636903079967
200.99200839993
178.85651452282158
154.52911017431924
156.5251495377923
177.8151305274374
160.6819317235637
160.33675283818903
189.51775374194253
214.71975979410922
232.80460916583547
233.8548017533373
250.27855450236967
233.32574723107268
184.50598426991908
160.41550088438655
156.9102184376157
147.55052038161318
136.92388159359004
172.48068481123792
226.11548252719277
258.2270283479961
256.7741935483871
233.19248697559638
192.76097912167026
198.4735642661805
214.21187800963082
226.65829145728642
247.875328659071
263.8402555910543
283.10250839423264
291.37254901960785
327.30780376733594
316.7044769694361
316.77628589134474
319.8255709807434
319.18146824305745
305.86961758506476
289.5988209742476
