12.5
11.0
11.5
11.0
8.0
2.0
8.0
15.0
15.5
15.5
14.0
16.5
19.5
31.5
44.0
59.5
68.5
77.5
83.5
95.0
101.0
105.5
107.0
110.5
109.5
110.5
106.0
103.0
98.0
89.0
77.5
70.5
55.0
46.5
37.5
31.5
23.5
15.0
0.5
-8.5
3.0
10.0
17.0
27.0
37.0
44.5
55.0
64.5
71.0
78.5
86.5
94.0
98.5
98.0
99.0
101.5
102.0
99.0
96.0
93.5
90.0
82.5
76.5
69.5
61.5
57.0
48.5
39.5
32.5
27.5
19.0
13.0
11.0
10.0
5.0
1.0
-0.5
0.5
0.5
5.5
12.0
16.5
25.5
31.5
39.0
51.5
59.5
66.5
74.0
78.0
85.0
88.5
92.0
99.0
103.5
106.0
109.5
109.0
110.0
111.5
108.0
105.5
104.0
100.5
93.5
85.0
82.5
74.5
65.5
61.5
48.5
38.5
27.0
22.0
17.5
14.5
9.0
1.5
-5.5
-11.5
-10.5
-12.5
-11.5
-13.5
-11.0
-10.5
