63.0
62.5
60.0
58.5
58.5
60.5
57.0
57.0
57.0
56.0
55.0
49.5
40.0
34.0
29.5
25.5
21.5
13.5
0.5
-9.0
-18.0
-29.5
-30.5
-33.0
-29.5
-20.0
-8.5
5.0
20.0
30.5
40.5
47.0
52.5
57.5
61.5
66.5
67.5
73.5
73.0
68.5
63.0
54.0
50.0
38.0
30.5
20.5
10.0
6.5
5.5
5.5
7.0
9.0
13.0
16.5
23.5
39.0
47.5
53.5
59.0
58.0
60.0
56.5
52.0
41.5
32.0
15.0
1.5
-16.5
-30.5
-34.5
-36.5
-29.0
-13.5
-7.0
4.5
13.0
25.5
32.5
38.5
41.0
45.0
47.5
50.0
51.0
52.0
50.0
48.5
44.5
37.5
24.5
17.0
5.0
-4.0
-11.5
-16.0
-16.0
-9.0
1.5
14.5
27.5
37.0
44.5
47.0
48.5
50.0
51.0
50.0
49.5
