nan
nan
nan
nan
6.0
59.0
36.0
36.0
nan
nan
nan
66.0
53.166666666666664
95.33333333333333
77.0
9.25
45.0
169.66666666666666
14.0
58.07692307692308
253.4945848803223
61.0
36.0
36.0
201.5
nan
nan
36.0
70.0
136.33333333333334
403.0
214.5
10.0
403.0
26.0
36.0
69.5
12.0
255.0
147.5
403.0
222.5
403.0
0.0
158.0
16.5
340.0
26.5
232.0
nan
nan
355.3333333333333
25.0
nan
83.0
nan
150.0
nan
373.0
211.0
nan
11.0
403.0
243.0
207.0
95.66666666666667
39.0
369.0
17.0
23.443478967029396
70.55701319805002
105.98484640513905
127.15803537824614
163.33213711576246
246.02262955820166
321.7255505657639
327.06032180313986
339.1305599379999
361.54443019421035
360.64784408909196
331.9025181438311
285.2570061646685
235.16253438227318
165.20011111496927
101.6569106860348
86.5539171466241
75.38436246465443
75.47040939351051
263.8279141899402
65.90807560137458
68.55368330092892
63.12133682504053
67.8321252697394
102.90720907660899
187.14182399512788
246.2154523472786
309.3007523659646
366.78845813418303
393.9306039949271
371.7830253251198
388.1643127798829
412.3620797661307
395.240291355185
342.3917751378389
282.04821751939244
221.37019518620525
167.88835903988317
99.69207201000744
63.37534141971864
45.78706390662281
68.26734889670611
69.83752695902228
59.278921503519726
80.23092863618702
100.59273973043395
159.9361606497905
224.7486830807788
283.78354941909413
348.5247614609139
381.1692134586766
422.49585062240664
411.6435298221137
359.9108583367187
353.8821289030436
315.7904502943198
268.2916858061553
225.3049689764847
174.21772887491665
123.03470939576387
87.67029300841311
69.42623866015353
67.82315369261477
86.1769523252413
105.18269279329327
147.79745734483143
247.27341676147137
297.21665592783506
330.16809324348935
346.0857263961005
338.2297373358349
272.68481302467563
287.49864498644985
406.03349609375
388.95472731101285
361.8054870396815
310.12686508249783
262.38767768880035
211.99824440403788
162.51635803318382
112.12403130812152
100.36624591285833
112.1743900494339
150.87699962681927
195.7904855095404
231.3765943877551
238.07842212792707
241.07459800529207
242.24120004332286
232.59609469038384
218.840072859745
234.99017029802152
223.08746611969818
214.87880521858548
185.20085304381544
179.7523223279239
191.50589909562504
176.67823723375813
169.7263226045135
181.38821199207732
193.07350718065004
182.6413646055437
201.07924528301888
213.343145925458
221.63455020281157
231.79219550211533
222.61475837176658
230.13682205562745
264.0578384019805
