269.6666666666667
234.0
77.5
77.5
nan
139.5
8.031055900621118
15.933823529411764
21.35238095238095
26.031311154598825
28.96197718631179
30.336927223719677
38.01200686106346
43.38297872340426
33.76958882854926
45.860736419978124
56.26915868388171
65.84295977824291
122.08595544243063
238.4659931832837
289.62945459708334
317.90679964162774
379.21765936364636
399.44139283962727
385.75577889447237
418.69703411276447
403.08854222700376
376.849088370565
323.35917844154295
272.78829854670954
228.31472893011355
191.38947144301912
155.55842525334052
118.99119787045252
92.5784522541711
76.62122015915119
78.16183633706771
86.27039206849932
99.47381313425872
129.12065279576044
184.654360733606
246.42152423772282
293.6827639200851
345.8063351386837
298.57633053221286
336.1587886914739
291.8866926916045
251.9347777941828
207.61846277342966
168.86921613394216
129.88177492359472
89.3374195146112
66.14612205203015
53.41118395680679
47.47062404870624
74.84366363995262
72.76521363832542
62.19237910712844
66.67641584684924
106.84705020153902
139.88883447600392
178.33321851749793
201.46568349404424
228.20768394345777
227.08969567538708
215.47690217391303
221.6747311827957
236.11370716510905
234.4878048780488
223.38535249828885
229.60558252427185
206.11245498403207
