164.55357142857142
174.4792703150912
184.40779014308427
177.54433221099887
192.26481481481483
200.20099255583128
203.36838624338625
203.85345666991236
210.0416817687568
215.24169741697418
215.83172496984318
215.4407523510972
160.7414169478071
179.42519996050163
189.86643379906852
195.88205296923837
201.2694610778443
208.1570996978852
208.1525227140924
210.9498284734134
232.9592824027414
221.82508319467553
249.5710659898477
265.9876080221751
271.23904805214494
279.6158602566084
291.7960389159138
298.73550393268704
305.60441733970663
314.3306815738551
322.22815030101725
327.63427561837455
333.25441756733574
338.5141525141525
341.8036154478225
348.8553417385534
364.3600727753887
373.81493815413893
383.47367563162186
379.9463615233327
378.5113393239196
378.3530805687204
385.0655581947743
392.47876631079475
399.5331724969843
404.8410666666667
404.1798392498325
411.05977496483825
428.85704652730954
430.57941437444543
423.4383714445064
412.0294234592445
404.10932475884243
401.4277679100059
395.9662478442966
384.50106761565837
379.4896084007876
380.92937316525644
369.2137862137862
348.6193156569397
341.2486429233417
338.75346070243677
326.12011799410027
311.5991415285561
292.2416352497644
273.3371158995282
256.46851110302146
243.0068075117371
235.10793846153845
240.33154793786824
219.4593935700137
245.59048736269597
211.4145129849714
184.89244558258642
214.3062403697997
221.73094170403587
213.6026376146789
224.7211333617384
216.25026058940585
218.33315085633848
228.87266819111807
248.92738791423002
271.1740690892777
293.7831352489845
316.27191765822323
337.0632544027439
352.1791109504879
363.4019178495923
373.4582850521437
371.991626543856
365.43555417185553
371.0945381963346
376.4013143947424
383.2007722007722
393.3294261294261
401.8648345485137
402.70173874275525
403.77172236503856
405.34541984732823
401.28473141042605
394.50220848056534
386.2369375907112
379.45205274198383
381.1064906490649
378.51238968092326
359.3511925826315
347.0105765950188
333.4300771359595
313.8138686131387
288.4424622089064
264.2326931345851
241.65030009400536
220.1013884650595
216.13346143768015
211.9165944540728
230.8260630699923
175.65848670756645
245.04481246955675
259.74727452923685
209.3583528037383
215.39061013006238
202.4039909297052
207.61217781098244
223.9470510369172
246.17184078320238
265.0387608966376
286.8728669906204
313.8120891267671
336.6394886854379
354.2302717492693
362.21315321720584
370.4424891790251
378.52874841168995
370.627169247994
367.41531463229717
369.4618194468603
377.3900305188199
386.146452051689
387.27762430939225
385.9040428641013
393.5579859678085
401.3443596268024
394.1147855260005
384.6845703125
376.8910907304291
377.471762910201
384.84514487079093
373.4353600491325
362.815550207247
354.0417776830438
332.8413052290231
312.98455065000314
289.55663011646124
265.00914276783624
247.4292314526877
233.07452899889176
217.32169443459767
205.81794514179452
248.47986423263922
219.23261580074384
187.03681752873564
287.8821672803787
269.73859844271414
212.15098368156168
197.4647355163728
197.29628986010948
207.3311776963426
221.0744409514206
238.42812080144867
259.5939450686642
285.8032519567648
314.75599573636526
337.2549589215197
351.57453104624335
358.65443513435423
372.4916106022534
376.946643139232
370.60503144654086
372.39939624622656
380.0671724355935
388.73858921161826
395.05234375
401.6762764084507
405.73680823680826
392.40763834762276
395.8890566037736
414.63639746929664
407.4952479338843
399.80525665902275
387.2476305100045
378.5243743482795
378.66570110503164
384.10612673332963
367.90442711662195
359.61116182031554
348.63248934570066
329.3345222343669
306.7958278683405
282.36836830566864
260.8282177501086
244.33952996297137
232.21321786690976
222.9019543618299
214.49620934213743
215.1462255850783
247.19628647214853
210.22465208747514
234.0221066319896
211.0357356757836
198.30029414386308
218.30127834521744
227.30289256198347
241.5530477091499
257.59199618297845
280.3093824529355
305.18174904942964
328.701044594093
344.826039324223
359.4195972773681
369.9428332827209
375.69215635959284
373.56292197011624
367.52884615384613
366.36079791847357
374.93880417335475
381.50280709633955
382.18292373954904
383.14382506929473
383.41264416915845
363.57236126224154
362.56004366812226
399.5664445315563
392.4420121099208
385.02604891628556
378.82072393972345
378.3340070061978
382.4095238095238
375.9661077736932
364.1584379128137
355.52088468456463
345.83810733566213
332.568366311517
311.7066513761468
287.66168485565294
266.2196244181692
249.4405803647039
236.52994138618647
216.24042500617742
209.789578997919
213.4228524901615
247.51786874593893
265.4780835881753
230.50211541716027
222.87751804373585
218.84193657219973
225.3640253904857
241.37524694944798
263.37688934502705
285.17309621523026
310.35433523455805
330.8893101939624
347.12301587301585
361.00020311442114
364.5950533835164
362.3939210340301
364.83832490600287
363.7065185185185
372.68719957272566
379.90194174757283
378.4
374.02627070245575
381.12020202020204
383.37604636188024
392.30242901128975
385.6024124881741
375.24886341174147
373.2136935830519
377.7260016449301
374.56629636265905
368.45099123292
356.82896186907647
340.1000635189498
178.32145151306338
277.49973167968517
276.62735182568605
255.1636648979897
236.39247585155059
222.57364414843008
217.2047546905955
217.01048131292237
254.70206631427197
202.9889403292181
253.05263157894737
279.1790315415371
229.62031523642733
206.26830409356725
204.04842543077837
217.06011380323054
233.1474233036119
243.83225288279502
259.8151073064866
281.4054038615332
305.2276445698166
328.60133954571927
345.1343159243832
356.67669520944224
362.520388536257
373.2330591037021
375.39974779319044
375.7294597636466
369.77377935462073
371.76759865159624
382.48363129788714
383.1298992161254
360.6866059817945
357.89398280802294
384.7620348241721
375.59937439846004
365.73539659766345
373.3361939174947
380.09653810408923
376.94060536836093
367.03739087465
360.60894478344994
346.7771246221028
326.87678726169844
306.46012417867263
282.1268092737287
257.5433431001215
238.37995214038818
226.67930165250678
223.40505824952703
204.4289656582175
212.92648615943125
184.44259038537942
188.3463751438435
248.30277517929528
224.57900452488687
215.50996515679444
211.82302270947534
223.6934013548549
241.1571215945124
261.3705321683876
285.97627478753543
310.1603408615642
331.30877522290007
343.8674522292994
355.4407971864009
366.67737919228074
367.4214034438067
364.7215341590092
364.8362493630032
371.27378415035844
380.7530329289428
386.08188897261994
387.0541125541126
391.26446280991735
390.02508361204013
395.2905296950241
390.8100929614874
376.4239598278336
368.19836867862966
369.56267446497407
366.09259980525803
363.2013007614213
352.83969692467684
337.59903938520654
317.99525427115594
294.7440753165242
275.12873365265597
254.05988998652896
236.50878661087867
220.26538007089405
213.08704986825413
209.4583746986243
220.78153921091086
218.6189078097475
239.32759132759134
214.72066893127777
214.05182178591656
222.36569321960388
235.26834503161436
252.1019835912348
272.30402391805126
291.78337019018136
319.1399339664941
333.0517557087462
350.2280295443165
366.36812641723355
370.9287429943955
366.59297843525366
363.819641170916
363.70873335397954
372.01232368225686
380.17816465994144
382.178429073857
376.55535793686084
393.08554857419045
394.4206460674157
386.64512625576975
379.38955823293173
374.2230136119025
384.7115274482533
376.76706742227634
371.562426973794
367.2389824909151
355.22443550881536
334.6709390392458
317.4242148602068
297.3749645054425
277.53081748958385
260.96273562107297
243.73584310426415
229.72708734564404
214.6901319527748
212.7142476461183
211.77481779341542
203.1154759335204
237.38244667810739
214.0012021453671
212.11196623634558
226.21673181261303
238.06568249893024
251.3268729225262
267.0806866528149
284.78178702817115
302.38729634976283
322.0674651810585
338.70334765118974
356.5965865011637
364.29325991638626
360.4204734911637
357.5619316785451
360.17761521580104
362.00804505229286
366.7709312445605
373.94761624484994
374.3124227441285
370.75687568756877
363.34355828220856
382.92884322678844
382.20391329368886
373.42158976570363
371.91665234576385
368.6401762866079
365.4822620302072
364.0565892959908
355.9032632990612
344.4777715699577
330.64901576233024
314.9473656171754
297.03256325632566
278.7971821063755
263.5594028176912
248.66598134958514
233.911279896574
222.63904494382024
218.69896115627822
208.6466649497811
221.2194048247931
201.72015741145606
198.4091700522345
191.0429780033841
203.05024360535933
217.22925646551724
220.0896535013327
210.65767284991568
224.61980198019802
206.72325293753866
216.23945945945945
232.54498381877022
231.0910067114094
