321.0
156.0
156.0
nan
178.0
10.097222222222221
25.96309523809524
28.165129151291513
30.02157079646018
36.00868983957219
48.21600688468158
57.215538374504995
61.40362199539019
67.3113504291731
85.64494355175916
89.0001921783415
92.51996310955693
108.29024767801857
134.92575356632295
171.88415687148347
218.0408157242356
257.3384115437362
271.51506373117036
320.0183881775446
355.7152451570325
381.7416809789609
402.24140849839176
387.8947426796806
386.76276629911143
380.4184509648427
358.32982534706673
323.7116963749249
317.34272970020635
290.2013105430717
256.889469310222
227.7910973151141
201.97341804979254
174.6748781280468
159.20859344728117
130.7856745943543
125.83133351513499
132.0468621540148
119.25030327537404
141.09511641113005
165.57851552638223
197.35590546664372
225.53306493061504
248.9671594131087
281.51498548916436
321.66638315245126
355.7520075757576
382.04103124317237
400.3021669341894
414.11231351124184
412.76447593452235
426.4094141550965
412.3819008640291
390.83489190548016
370.2918116332631
345.5788309940396
321.16552883100513
294.41263157894736
270.46687715605447
247.01755762036925
223.9774129770535
205.77776075968754
207.40662108672186
226.0737913486005
197.28383838383837
212.00965400061784
233.22112919261158
266.05514878438
303.26924361329105
341.33117246004247
366.5485412292768
376.08791892612675
379.5909691365438
391.70575022461816
396.8538283062645
405.99714013346045
384.6899109792285
396.3176470588235
402.6575321725965
393.4287750556793
379.2693600474527
338.09500942191966
303.97105193428723
282.1880840188483
265.22222222222223
252.7670146137787
250.61970920840065
252.4301722349035
268.34184568171855
292.2914650241971
323.29798105064737
365.3784796573876
391.48990878402645
404.59588060359073
401.9775633834418
407.4230951254141
370.3484848484849
407.6014319809069
417.2347949080622
409.5932960893855
412.5485436893204
406.1390013495277
404.43697478991595
