307.94766584766586
288.33876421764523
260.6655274196054
376.9762310012243
116.4461819427006
255.01908957415566
253.92929292929293
252.5235602094241
258.96381182147167
302.1030303030303
275.9883278043986
269.97649112000823
258.9623301770276
240.77752431264258
208.8712412028151
172.47168554297136
161.22699635184435
261.3046897757064
244.40303148076177
243.74132973944296
261.3063829787234
279.28960131524866
295.4070567217508
297.92263163753756
284.4620731956655
294.60619977037885
307.45135406218657
306.3277444405224
300.84205174556547
293.6770053475936
279.94910798122066
264.2713706705969
247.46883302677293
229.21325953838908
204.90632355248707
225.74401008827238
187.95297330097088
231.37777415143603
236.1359049821316
259.26179203927757
280.5821905919111
297.41943871604053
301.4630019120459
309.0605403059564
297.66790846194783
305.86016135228584
314.84433497536946
310.50081687212236
303.8007470651014
294.532607629695
285.18355922215676
277.03333333333336
264.7881144990666
245.88774493523746
225.98148637926474
188.0346751693902
169.7614503816794
149.08432807085097
234.17380051761896
227.56636342430605
243.6544365406215
271.01592718998864
282.71941659070194
294.68671231517317
303.8518904280804
308.6721901231876
307.3716897117413
311.03221957040574
315.6626947754354
324.6917546948357
317.4992030284917
304.9945135332846
285.615990990991
273.28116760828624
254.02758825274398
231.8635407645676
193.74185204345576
169.1166554281861
154.41635408852213
241.14716981132077
235.50502566295978
250.58457711442787
271.73713033954
286.55796064400715
295.8029547720475
301.1480912905537
300.91803574652465
298.8160054719562
294.20961145194275
304.40321141837643
320.95524193548385
316.04139379710864
310.01387787470264
295.8850364963504
281.54559895346665
262.69421406966535
245.84598166702196
225.03281190385349
181.41999613974136
302.92929292929296
311.68611111111113
226.35167995816445
241.0081135902637
268.1331918280711
286.8350974930362
296.92343092137475
300.2801652079851
305.89816700611
290.5308056872038
321.09236690186015
339.1007252215955
317.26666666666665
310.00100775975005
298.1819579210299
286.81906520260424
280.2742727272727
257.59175662414134
243.37347256165296
211.6969201011754
236.18762014609766
225.0997150997151
232.8016835497218
243.59736814178075
259.5908889871738
279.80623269934813
292.16937375141146
296.7586851687826
301.133262373603
303.0302095176222
275.5953608247423
271.8438125750901
303.89940828402365
319.30649390714177
313.87442251154977
304.35264577327257
291.856360373973
277.40035838913514
257.0964289286786
241.13061506565307
218.8503595170262
145.83333333333334
157.18360215053764
234.41746411483254
227.88241388241389
244.89187862123146
264.57400755273096
281.9563994374121
297.54576545765457
296.32982129945253
302.13385826771656
294.84304074377906
262.54375
254.57336343115125
301.4604415823367
310.9280253589409
306.8857945237538
295.63212127216883
284.74425040557304
274.8549115913556
262.53477443609023
247.23694646397885
231.68883267076257
202.9190770774118
228.08283347614966
186.2898355351847
227.66672443674176
235.12800441014332
251.38754165124027
268.89591818264097
288.1185150812065
301.151922712635
306.1648063670776
312.18460828429676
302.9476230542701
328.0188531029065
341.93688524590164
325.27712926934714
316.3904052068024
305.9643854076427
296.8560996161408
279.1968788657341
262.63050395155494
248.3362985463224
233.59107185485797
221.39491916859123
185.54923578050614
197.42676090665367
246.2550353837779
227.91907514450867
239.6015003918934
257.4073277876437
275.18766991142684
287.3335498839907
298.50835438119293
296.8692163974063
294.49065343258894
280.6839378238342
282.32835820895525
297.7049180327869
306.8367132867133
305.4350369458128
296.21957098095925
291.1412840224392
281.6112617309698
274.0111561866126
265.3833280707294
251.9708296362023
237.44891532540237
223.86426284282334
209.62648758925536
184.88789428815005
183.91522678185746
191.63402889245586
231.39581566299123
228.03604806408543
232.0868408880666
248.10447119518486
262.24943682162603
272.7006445215667
292.30337920059907
303.3362084956409
311.70285077537375
322.97658518310385
338.5055749979653
348.211845346471
350.4041018706333
363.53691983122366
381.33846906334065
392.59549727857495
388.17755950132226
353.42594075260206
327.2314487632509
335.7752380952381
