312.44348100268013
309.33405777415555
314.29853675945753
312.19312850007566
309.1938616938617
303.7896923422412
312.327868852459
291.142875851231
306.3284225655767
326.7814736027848
278.126306186764
288.4134775374376
309.83026404523525
352.72569838538425
223.786200287494
170.13382388861748
376.6773218829517
381.2960006082725
385.85384047872776
388.9675452584185
396.6874869872996
406.52256249323665
414.05822784810124
417.6993380855397
424.1109920391917
436.1313789359392
438.91158327621656
436.849012775842
431.6385801362496
429.3665803108808
428.6865671641791
423.20805369127515
340.46206896551723
383.78740157480314
438.246062992126
434.3578629032258
439.52832965415746
444.0959152016546
441.11348957372206
436.9997296932018
432.5397732873337
421.2341397065967
408.5283271528636
398.08744416873446
392.6211488250653
390.4254601451932
380.4961747113646
363.92917720577293
345.4096153846154
322.89673020046007
310.2495520135811
295.999881880463
284.9759948652118
283.3793490460157
275.7599565532223
257.4866615853659
294.1422722620266
314.2434325744308
268.83093431039
269.9962055881338
273.90971233266873
284.81993177387915
298.54776354236907
316.5288509285927
336.85555752840907
354.504835297673
373.7604711129695
386.5948759007206
386.15832963127497
394.6903310989234
405.8355240598926
416.79165162997714
431.4044531441155
440.4746214245653
446.0431856421761
446.2307924073516
441.5691126279863
441.5365365365365
444.00356887937187
432.7551299589603
325.1948051948052
333.271186440678
440.8735294117647
440.6912257200268
443.586893405226
448.7636156258911
447.81821513652187
442.1639055856912
432.61447015211553
420.3873101420872
410.53322694631254
397.2928884026258
393.96200361870297
392.29285946649316
381.4147530670022
364.6442151931111
348.9866741741742
331.6522861753631
319.0230088495575
306.6751563896336
301.3343630746865
298.93711927687167
291.70037807183365
293.4327927927928
293.27292576419217
273.7226428079835
311.235548352242
295.5980742778542
294.5894883535736
294.5894269460247
308.27678954136303
324.8530829316935
344.57008431195425
362.6210590548512
377.7706372316652
386.01844278107876
386.55257356465063
395.0091714104997
406.971399730821
416.70818328573205
428.8450818563117
438.31811937108836
443.2039127163281
444.8054554812146
440.5482176360225
439.28835582208893
439.51498800959234
442.47849882720874
440.25885826771656
440.0157004830918
438.255905511811
437.0342261904762
432.5045871559633
391.6643356643357
293.5897435897436
394.5052631578947
443.0090791180285
440.54538634658667
445.3484055211804
447.30424971793906
448.53849878934625
447.67179329437096
440.2009162303665
429.5091936065377
419.1157474198202
406.3388479774034
395.36293227665703
394.2223323926474
385.56751175046287
368.57111338743994
350.9241424264646
333.4698750578436
313.10526969922944
304.38091553836233
294.2117578239251
292.4696629213483
290.4850033325928
282.4535714285714
259.8459268004722
294.6605691056911
329.70218340611353
289.3942223519113
286.1123532699832
282.1470271724509
289.0655975052901
304.8774880255455
317.7563051055977
334.9946188340807
350.32584586466163
368.84167364016736
389.48837582170916
395.7907533615767
397.38722009830695
410.4519138755981
420.32029702970294
431.8212864295802
442.9158904490477
449.6873702422145
446.27505387931035
446.5569121701457
447.624778761062
446.6272624434389
444.00263852242745
439.4949348769899
400.6068376068376
398.4943820224719
446.84837545126356
449.61856368563684
451.1503178928247
449.38944120671925
451.1755283648498
448.77895930809586
440.5622051154706
429.5815199914246
415.89582377237264
403.0598657718121
399.566860256686
389.515760074478
371.2328583521445
354.9481258638914
338.88998589562766
320.91755400060845
306.2536700671809
298.79472140762465
298.07868920893344
294.79741205014153
386.0402684563758
380.5100182149362
298.5398033618776
294.7320592092936
298.53977599080986
305.7771565495208
321.3067896060352
338.9929768555467
357.4830906709807
377.67632270168855
389.95274377887654
391.3230899351565
393.2309333333333
405.3433325786733
416.79922499394524
427.7087862898069
438.9284741144414
445.8310810810811
448.1796092184369
443.9084354722423
442.75642161204604
444.1757276221856
444.533226581265
436.48466981132077
363.10714285714283
369.3175355450237
410.5365079365079
439.19201359388273
444.22151898734177
444.5895710681245
447.55906280507645
450.6675072744908
444.8916595012898
434.542747991042
422.40816326530614
411.8422512423437
397.08047073791346
397.06624261699227
394.61931160019856
384.4664731710947
367.349077892771
351.3030541699484
334.6026988051092
320.020410427066
305.9187507934493
300.30312215822977
298.0874305258657
296.0083111702128
294.97797587834293
293.36025408348456
324.22151224707136
293.26931665922285
300.8311837202637
295.04893731023395
296.2725
305.14937367052704
320.4805155573457
339.9758720404844
356.10281255359286
374.67685346880455
390.32274233972026
394.288060116894
394.26620269682473
404.25966109959774
414.9281172959647
424.83216133740217
436.9092118882153
445.4313020748244
448.9456147893379
445.8978054372748
444.117595436595
444.95289658906336
447.4176319176319
451.34350547730827
447.7607594936709
326.7
373.0806451612903
443.36
449.8500772797527
448.45013054830287
446.82015567390414
450.4801377118644
449.45281456953643
441.712488031733
429.68528816986856
418.5587605633803
407.1549281920126
399.3306259380242
396.6306493506494
386.6838583774742
371.30380554177594
355.59003916352617
339.1984990302724
324.4998981670061
314.36980410893455
308.26517619188627
306.3625935162095
355.41211401425176
356.2255125284738
310.5518299881936
311.3486572598999
314.45131107774057
323.5197362223269
337.52765093860984
354.4150074178184
371.0121866024994
384.61976840989934
393.0384098167759
391.8847630013433
400.4662451560269
413.764739488117
424.4347882231405
434.5648085963734
443.86906193625975
449.7429038186645
446.0097244732577
443.91265344664777
445.26403454657617
398.780303030303
405.23024830699774
435.6642771804062
445.34797297297297
447.87112259970456
450.98196044338187
446.23040678498506
437.5422477440525
426.3881376355603
416.6409932176112
403.5909842845327
398.78062400283636
397.2998868046572
389.65008393102397
373.1759528547375
358.8282062207073
342.54759695676375
323.92496008515167
314.40152247462544
304.5466574776016
308.8331334932054
306.49629106322857
388.5203366058906
369.78320610687024
307.47816513761467
308.61698008849555
312.9390999174236
316.92331622336286
323.60834266517355
328.5713210792218
338.73621602847965
355.1408461658112
371.589509356122
387.18036853295536
395.68125314363726
396.75212072506474
408.65693354264783
421.05620960295477
433.66689758688375
443.74455958549225
449.5189809347056
446.4187779433681
445.10958296362026
445.9954245043213
446.5952722063037
426.73728813559325
440.5514184397163
430.5085995085995
448.13896276595744
445.99310684391924
446.0790441176471
449.65963401506997
447.37707432715104
438.49086730373773
425.82344698738905
414.1124300990876
403.8886237684729
398.8442465753425
387.6798673300166
371.2182925061603
354.8409321967623
337.59904208005474
321.9028960817717
309.8863440462997
308.50775952990807
309.4824106899373
352.59791666666666
362.2417695473251
315.81571888412014
306.44409098139016
309.4468031654315
318.5706845238095
330.35088034495146
351.09637964774953
368.3522051923678
385.32040648584024
395.26784550195566
398.06230411245133
399.65836003322653
412.3559912292016
424.6439678284182
436.01216545012164
446.08188076754067
449.8047419804742
443.6735818476499
443.63409290096405
445.2396878483835
442.78018867924527
459.64964539007093
436.7042682926829
447.3983214977405
445.9555555555556
450.1675749318801
450.0395250742072
441.5126368428166
430.6620529152376
420.9778752039152
410.28223882970264
403.9832730251929
390.98813076055967
371.5821146534074
353.3140073081608
338.1668697853192
320.4173522812266
312.47321899736147
308.0315789473684
311.71251241310824
332.13877874702615
321.1047475508666
309.1621187800963
308.58853220270544
312.5894130138025
314.6939807194921
327.19709192311524
343.9253677138188
360.97165407790885
380.1637273593899
395.14477929026674
401.3192966219343
401.21458625525946
411.56160543013135
421.3246089515255
