369.4153023722018
353.4168256997456
346.5563851699279
360.9000872600349
393.99851426307447
129.64574170331866
250.74834437086093
236.63396226415094
280.33718244803697
279.60412757973734
313.679180887372
352.6571782178218
365.6262665627436
359.0934579439252
342.893176548526
328.3371875
315.06251892219194
300.5766791348187
291.0016533894484
271.14547275067946
247.30828141225336
212.547043449853
139.30029648454044
135.76568627450982
179.7010652463382
202.09305317324186
210.34919600173836
221.49705882352941
248.44977583908883
287.70981692374227
298.70715096481274
311.16801031925183
321.51996971417753
325.5680399500624
306.3537170263789
297.30421377183967
330.055333998006
327.4551258664721
316.173197492163
298.47214999315725
280.9014142523685
249.9727306227736
211.91196425616417
163.5176684881603
139.89606253618993
214.93376764386537
219.9631555489526
248.47840240390636
282.1874236874237
298.8665599145983
314.7435201928873
324.6845238095238
288.06293706293707
281.47829156371336
324.6826038984921
328.1981492657413
320.61144627425404
305.13961605584643
285.2041507212246
255.70091027308192
219.77142447692748
179.85805815672745
187.6184210526316
171.40887480190173
204.62864385297846
262.73129525341915
224.76926605504588
225.92870469083155
250.84716006884682
293.48918989320134
306.23610715303505
318.05703690623346
322.91090425531917
267.39674796747966
268.13655913978494
316.74356279558594
331.56673155959334
324.46143130767894
309.89463840399003
292.7056323060574
266.4011130718067
230.40540540540542
193.54511278195488
135.66441947565542
125.38131797824695
193.78338108882522
203.12892981899014
216.78547467292856
236.12154554759468
277.01910096222895
300.1868993050421
307.3822773972603
319.80680371111515
324.58939430795425
287.7534983853606
286.36226034308777
329.10033320992227
330.0959811885421
322.92219477769936
309.3086142322097
286.60085900473933
269.06363899334684
236.64930190662062
206.38752082947602
173.5114075114075
146.05377906976744
150.23474178403757
187.72658705216844
212.07232109049602
216.89679218967922
233.70148307770313
269.263084526676
301.6153549878033
309.2697160883281
322.4947763630428
323.11607142857144
342.55499367888746
315.9064171122995
329.67094255437814
330.3915221579961
317.154018571886
301.1535114045618
282.9624048933313
257.5414511393821
229.52465912387584
198.07414785303231
161.92173503064592
213.39966273187184
210.57452574525746
192.71395617070357
208.25583038869257
217.6640826873385
215.31920273687342
252.01204108133632
288.1633551140152
302.3519870235199
318.46712586098937
327.76591760299624
328.56641791044774
354.3638863428048
332.47157190635454
335.84666496294403
330.3997840949982
321.7744796997612
308.84027031178005
288.96109324758845
264.8481205085683
234.20052404438965
194.6413438904344
157.77705083039757
156.26929530201343
184.96712619300106
207.1436659589526
224.59191530317614
215.6557456423499
242.4846460233843
279.7449848859577
300.32463435618007
313.93783698065334
321.69045412418905
333.07403339191563
284.71700507614213
286.3835005574136
338.1620433017591
332.5816135084428
327.39511165816776
310.7842348383251
291.1619752292102
273.7142857142857
243.94085570469798
216.19725044829647
184.3023843930636
218.3803088803089
218.30171073094868
187.76674107142858
199.97645429362882
216.97828169913765
218.07407407407408
248.68187406092065
285.19260129183795
296.5412613743332
318.6746688741722
327.79860418743766
330.02131950446557
311.94191919191917
307.62259306803594
333.5615431720759
334.78024050931384
329.2637556295281
320.13195991091317
302.2895462906192
290.3821138211382
264.8485182849937
239.26359832635984
206.86169953737522
186.5405569007264
184.02116402116403
202.59940652818992
220.87649402390437
249.42142857142858
230.97944693572495
220.7363906879048
249.5664700233228
279.6255557149003
298.18075011296884
313.4315443592552
323.9683908045977
330.01328434143585
312.3863204559848
334.8100866824271
327.8622950819672
335.2359855334539
330.6322091398922
319.98595505617976
307.3229441803134
288.7153448275862
267.04368851092215
240.00466562986003
219.97679168213887
186.8402938901779
188.74025974025975
141.70741758241758
175.45819935691318
204.6966618287373
233.68284518828452
212.1043618739903
220.2308610400682
238.76296043656208
265.4386853916317
289.1716594677442
300.1190034045187
312.0289426292771
341.09094288192296
367.7773491319923
365.50307742144474
354.5213864306785
360.8174186778594
389.98115746971735
389.21305841924396
370.21815286624206
337.1926782273603
317.8180147058824
