439.57099697885195
445.09013398294763
445.8254950495049
238.23647754345717
181.28696356275304
201.3052999631947
221.8617886178862
223.11113364429121
215.7425769545083
195.6673866090713
193.07469342251952
180.9493136219641
235.17741935483872
228.6316414366281
232.43867099675245
223.49214115344628
228.32980383415068
219.55878201250252
187.62791869645557
201.18806080830552
220.40926120185824
234.50563171221515
256.7206853642194
248.140630457562
309.60002032417054
312.9402851384638
328.99657279094026
339.86934467806594
353.10626659158555
363.51787983300056
373.86106418918916
372.59169517293805
377.23636870729325
388.4611310762247
395.1394935584185
403.3237655071759
409.2059817945384
412.716765140325
420.0844298245614
427.0736842105263
418.1371321227301
409.9834692528102
399.0608795851738
388.2841850828729
377.0018560822387
371.2254471819102
359.4610236591573
344.6929984565736
333.8144157262468
314.5261567679558
297.68112835462574
283.72292610746325
269.75327085459776
257.1514668666229
252.34335260115606
227.32585493356567
209.2979597244303
202.9927027027027
195.00682548179873
178.8583253740847
142.41765091863516
184.99892742223813
197.31372549019608
169.82471315092675
139.94198259477844
199.22904858299594
214.00925288674773
224.76669290775067
233.85619652221916
249.24575660266072
266.058538180629
289.837147030185
313.38294063573466
329.8418169603638
338.00575069940936
344.8060337892196
353.9252888101864
360.5930483795209
364.678587494377
372.6584401418053
383.36281665951054
395.5355252606255
405.8547092226356
407.5744029393754
425.2426686217009
430.7176
419.8204572803851
402.97809855649575
386.19046306504964
382.8763971684054
375.0767599098502
358.1853369366228
350.7314001399362
344.55764135947317
339.5257640732421
325.0090779757469
306.07082304252054
282.76259717018064
259.40639416371636
251.39361776903073
250.8549908703591
243.65704369774411
224.36411769811647
197.17982083922678
181.14915465200704
206.55704697986576
153.36242912563415
148.31122807017545
198.84116623150567
259.43939393939394
195.00505257408167
164.15703824247356
168.21413243408952
204.67802012374227
221.59237612496122
243.3675677787327
254.90518073581464
271.99852402037806
296.5519430177343
320.6208305350347
337.13748622544887
342.45347494804895
352.3309798270893
366.9616019565882
369.81604636973765
364.4104169275072
371.3174768863704
381.2249083027676
391.67520315193303
390.86507936507934
397.3321129707113
406.61049610496104
391.78128242373936
386.0655062698858
374.3756036765851
366.2264344262295
362.0219457928803
354.59880973218975
345.04561494104485
339.13345673852035
326.3100868174549
306.76192270021846
283.82480916030534
266.7444630171333
259.86529036090894
254.08788635654074
248.48411636850025
230.7508794667654
235.81715512413663
207.51121972894913
168.44756610576923
144.5768883538971
147.58755760368663
205.31832367365135
178.06060606060606
181.51703470031546
205.6366733318522
220.30691389798784
235.28065283917036
244.68418334409296
261.72542030219194
281.3236842105263
304.01805429276527
327.04082394208524
334.7699058219178
340.3526348677359
351.9391028545537
362.3980234473404
364.85110191296565
364.28778913394297
367.7851186658114
374.2791586998088
378.4591121495327
381.7362301101591
396.1267772511848
399.4512893982808
388.89940298507463
380.44002317944756
371.3572633839546
368.18494332183343
367.4227682552264
359.2903890749807
346.57585970167884
338.80667933749663
330.60882377015633
312.57804181776095
290.9993195221533
266.56049055353
245.40534449452673
244.9937809187279
235.2121569398048
234.33921503957782
221.17487582781456
196.71954513148543
155.24733242134062
153.08385804235832
217.816214985197
221.17166319082378
192.72346827133478
220.22503142221794
225.96396522714525
234.17652982643207
248.39161264181524
275.82552770448547
301.82561998431186
327.6505094396164
338.66889089269614
350.66050004579176
363.3527623679611
363.7199782648071
355.0569540949994
365.3023136904001
376.8999547306474
391.8547746503195
404.6950841452613
408.5660756105721
424.0851063829787
418.73446808510636
405.864358974359
400.0081411126187
384.9060026385224
372.47224116764426
363.3556171342801
369.52369842010535
361.9582936583508
345.8980617372577
336.7627187960085
325.66541922127556
308.04937413073714
281.4216100318368
257.2334793372691
233.44040504648075
223.334726551431
225.56141491040756
220.55688352689143
207.95924564487774
174.57638663639312
173.3067645516518
240.40907981449843
235.6023693379791
195.9113078470825
211.5666833053501
213.2279317944554
233.90941737685588
258.23828986286634
287.26671097081464
316.8089770957134
342.0670789724072
356.0693004016546
367.555981595092
368.02298003977313
355.90453348382243
359.81752376836647
370.5890324214792
382.25422967510104
396.1278646780647
403.85525576166384
399.0956140350877
394.57897897897897
411.36858638743456
403.26122707147374
386.5331088664422
375.28200597988587
367.93271618875593
366.11557973678407
373.16214794904755
364.18547451937746
355.4420907997939
340.82272520989335
321.4960276548002
297.8083710946816
275.0958058966601
252.00651652590972
235.24102314842943
226.669528633983
223.55766213389123
216.59349593495935
202.8462022660512
254.1028266191854
222.33967205647917
220.35716257245377
219.76236077859895
250.97353139202156
274.0812465560522
297.80913501360783
322.1619444761796
346.4520405209841
356.476743497067
367.5281680892974
370.5626252876977
367.0202656173143
358.38035264483625
364.0692936802974
374.11756640959726
387.86976646328634
393.6078374455733
394.7215064420218
398.1287744227353
400.98750844024306
386.25891986742056
379.36937632747635
369.15709591613205
362.7443336355394
373.97560328825244
368.4748661614406
356.93168624274335
340.9206747606818
319.715834325459
300.39032723407485
278.6801918111398
262.2142281662907
248.10411707661112
237.04397192402973
224.65774033398526
250.05543298400443
207.90572324578596
211.10880398671097
226.328121653459
228.85723885611887
242.7296240797446
265.1037266245123
288.98699756575434
316.5873832894422
335.34466656938565
353.87627957094577
367.5247710102293
370.46678401959286
369.5665484412918
360.22361809045225
362.15855316834376
369.05912596401026
377.7440200617284
384.6397915389332
391.6553497942387
389.1403912543153
389.0047419804742
376.6480565371025
367.2231010500477
365.04693900143917
375.96828571428574
366.2225
365.37847263980757
350.3561620420489
334.86276017029326
314.2852119193041
291.6540546911834
271.83491604301616
252.83681920269512
234.16649380757733
227.62125045175281
222.62006047336044
199.6403299327111
240.0413142485361
271.7275089314713
221.02445345954473
215.85876662636034
213.13856935717737
251.59938252305767
269.3076758147513
294.3512658227848
323.94903022101937
348.9802811401796
365.7344321373682
371.60114777618367
367.797210770985
358.2301661129568
365.1623505976096
376.32697631498
388.61136277840694
400.3649387861422
398.78335373317015
416.9138840070299
417.3773006134969
404.84997452878247
387.45259208731244
380.2495732331854
368.414907367514
364.5422671542267
373.728854804218
365.97734015022405
352.9989055929958
332.6004187558543
310.063704334083
287.0284307288247
265.41396457765666
241.97580593680178
230.94604316546761
221.85741303613645
218.53665530068196
216.34538567493112
239.77526821005083
152.36256871564217
156.51157407407408
163.70440251572327
191.0838562464347
192.61042634875733
221.51184046530952
232.474838411819
228.8163512857836
231.1807297605473
211.19449767314535
