88.0
333.0
29.676567656765677
39.0125786163522
38.45885286783042
37.95148514851485
39.493556252176944
38.52794531564133
48.112894873122734
41.714376996805115
31.63308373042886
36.95308835027365
41.092013888888886
56.62933753943218
51.42169408897014
62.03564154786151
53.96892719437514
47.4760078023407
66.63007332438293
100.37894206307301
150.27040078331888
215.3583794871795
260.37828967996825
319.8043787686654
380.162610095653
417.051644031451
406.54085045389394
399.10098370734704
400.0605028275533
365.1572318075954
317.6183795541055
278.96345131505313
240.36180216849715
205.58948358343216
184.15855600778625
164.94369618017222
141.12509748869132
167.06025727826676
149.5520534861509
151.8493341591824
169.14201917115741
203.6541549047283
250.69639692852923
282.9604038097956
337.0171696423869
385.5955192899578
396.7194465795542
412.5842126623377
398.5311773175324
369.1626255941279
338.13696462877164
294.86831014637244
257.3781884327587
231.52764233740905
196.3005937234945
167.24403517938
142.8350256171402
109.68855631531416
81.99544626593807
84.03504642343403
114.79952009598081
127.93345252284466
158.0166032835544
200.60592119275825
236.16899324224337
264.4277903858057
290.0531527430002
312.4164542900085
335.745376438037
357.6368873602751
371.3447241206868
387.0037248028046
389.6631853785901
363.0669809467688
329.94028908666286
283.3187976950631
232.54036053920782
192.22824141857816
156.55718847381988
122.2943801254221
70.40689655172413
58.896146488111505
112.63778595845385
124.60963132827659
150.82208648912777
191.292599859327
229.20351675171955
281.621877325396
320.04561926372475
334.1030031948882
353.36983542409945
302.2544642857143
332.6948598130841
425.4240790655885
438.56313301823093
