166.0
166.0
nan
nan
nan
162.0
106.0
131.0
131.0
nan
nan
nan
nan
nan
114.0
245.0
245.0
nan
nan
nan
256.5
256.5
nan
nan
nan
nan
nan
nan
nan
100.0
100.0
nan
nan
nan
nan
nan
nan
nan
nan
nan
nan
nan
212.0
212.0
nan
230.0
323.5
98.0
98.0
nan
nan
nan
nan
nan
nan
nan
nan
nan
119.0
134.0
165.0
165.0
nan
nan
nan
nan
nan
nan
nan
162.0
162.0
nan
nan
nan
nan
nan
nan
nan
nan
nan
nan
nan
nan
nan
334.0
334.0
nan
134.0
475.0
475.0
nan
nan
nan
nan
nan
nan
nan
nan
nan
248.0
248.0
nan
nan
nan
118.0
402.0
71.0
71.0
71.0
nan
112.0
131.0
131.0
nan
nan
nan
nan
nan
nan
nan
127.87912087912088
76.59655172413792
91.5565749235474
103.20218579234972
95.15636363636364
59.48991354466859
60.57641395908544
57.70583657587549
56.48021788990825
48.59536158136804
61.30498938033312
75.03697749196141
123.65374779131405
174.84622511581318
218.7476075297087
258.57476507973644
316.8029816104267
352.3759645378427
380.10303514376994
403.0231609851574
383.26347958960923
349.94296577946767
339.5446549391069
382.6584524396254
398.00983892723957
372.54500929663055
330.96193837641897
286.5778043618294
235.39872178719483
191.9086036076731
159.69603212851405
122.98337431214144
90.2280701754386
55.490981404598266
48.580664216329744
63.41712969237024
58.416997917849706
47.05905905905906
71.4989898989899
109.60938809723386
70.99451342766388
54.49132755170113
56.55834053586862
51.59726361419669
57.58913964718636
75.30644209379398
102.34758010595073
125.06258258893176
143.3123598529016
171.1765865347453
194.7414058491534
234.2565566912808
280.2702290076336
320.85196797491744
332.43292028490583
327.42261904761904
300.7637588918008
194.46502463054188
343.8174566366756
327.14345444909014
294.4743523316062
250.34236138635663
208.64817360930473
177.18360496773954
154.39942731460349
130.45084241425067
101.9051773808544
79.05097558915449
62.434504142733694
57.643734474192655
57.774931129476585
74.78536733454766
74.6790872328134
50.48123021257349
63.015094843708255
69.46381290649937
90.21622691292876
114.54553937279402
147.09519394220368
180.52415594722396
209.45645170912127
250.1481459682166
291.1497336027926
333.7096130683529
363.39058676524184
402.2439638883057
415.4175651120533
264.2528830313015
286.5475070555033
246.1024643320363
414.0447870778267
406.96008737092933
380.29653245450635
338.1925872745221
301.1292917684241
260.9958158995816
226.64711156654283
195.5154700712983
163.7992291253244
131.0189224264244
103.69244350282486
76.33718941303565
68.19434444618355
67.08365694727836
58.83993488876831
56.06906850849356
79.65821094793057
97.8157894736842
62.658961512184014
74.21675505794539
84.6348167539267
78.65556110140588
110.74314160095926
146.40875861830025
185.12001295527486
226.01391772170405
251.3363783653349
301.0740601220523
351.9129449532622
388.4890215948848
382.89444825222756
391.5452380952381
390.9203480589023
394.36632200886265
365.8252129471891
320.48929928341266
274.41998077402354
230.41466303825837
193.25413582233665
153.7204892738967
113.84659138088516
82.95995633404456
63.35248222487888
