355.41308220921354
347.4564606741573
348.58746246246244
354.6276507103279
298.5635545556805
288.00840336134456
296.35403726708074
223.44878048780487
241.79545454545453
320.76345840130506
356.884765625
363.546533087266
347.63309692671396
328.69328169223894
317.71315789473687
303.96254383168633
291.61102362204724
277.70375580250385
252.7804501607717
222.25409315903033
198.7791492910759
172.98675009201324
205.59158415841586
195.05064377682405
217.65567149108045
210.44890248290753
205.06802454628541
223.81679099759768
255.95260967018893
278.8202070913084
298.58336128815836
319.48033526756933
326.66339775021635
320.90465380249714
302.1531914893617
285.1991525423729
290.6256499133449
292.666095890411
323.6396866840731
318.94286817216755
307.8191445468299
286.1492517006803
275.8306777378815
244.29339218486305
190.3882743362832
197.9317304838231
210.8375902276513
175.81605562579014
194.77015323117922
200.2658823529412
227.13131313131314
233.26315789473685
218.7702922077922
209.50742749351568
210.98783551500728
226.55642147966265
275.9219762749174
301.6568719113129
318.11869009584666
322.5568637274549
322.6465671641791
258.6123778501629
280.47635135135135
325.9796680497925
325.13315217391306
314.53923541247485
300.7507204610951
276.32942636514065
246.59538012438128
217.36394380853278
180.52548567032122
143.13338595106552
112.02309172546504
136.92437722419928
179.56185567010309
219.4338747099768
242.59875904860394
201.86136226642554
203.95208604954368
220.9980232270818
262.4873906982638
290.401646501185
313.2490288010717
329.30540315876976
334.3392900856793
340.82268041237114
248.18794326241135
256.7560975609756
339.4196683819325
339.25425754406933
330.34693446088795
326.4798027688223
313.796799751437
286.39449678480634
261.5290997706422
238.2808261789225
204.40501013611353
178.58385446276293
154.59013157894736
172.6317365269461
163.53
174.17424242424244
196.11946050096338
196.41809672386896
235.32758620689654
227.00825260136347
208.4286843769766
228.77186126038106
258.67301587301586
286.08621851003636
301.4520450334901
319.7576388888889
325.16439580075945
318.70167166738105
352.33254344391787
327.16313823163136
329.31538241191635
327.5918081918082
323.7153209109731
305.16330247382
279.49482496194827
262.18585456097907
233.95246699096595
216.4652811342033
207.33217843222175
190.2077922077922
267.0065359477124
254.49855072463768
169.9388356669123
196.9614105123087
217.0867132867133
218.57852006495014
224.75184545311762
251.86135651182673
275.47026868301276
294.14038785834737
304.02840515449634
315.9354785478548
327.0741788122689
322.2153209109731
323.14770459081836
295.927680798005
326.50194552529183
323.82167387433225
321.6368286445013
309.70559970430605
291.81450934186165
279.0685879890517
263.00032658393206
239.64371851625705
218.92290869327502
209.6151560178306
183.02068590092543
161.31666666666666
183.99860917941587
192.52311435523114
197.48706624605677
219.41606929510155
221.045101842871
241.47994934571548
272.1731061758442
294.53871773522064
309.33800065125365
323.2704724409449
327.2767166894043
329.5828621139626
299.63712574850297
323.9967105263158
339.374613003096
337.5036945812808
330.4721088435374
321.8703260268926
303.55198550008237
287.4457217933979
273.6426989265633
255.59031130347927
232.2153346730561
204.94007731958763
182.55996060083723
144.40262008733623
144.62835570469798
159.80751708428247
163.26517571884983
199.79232693911592
211.7741717376606
210.54166666666666
223.9299023957409
254.62690919189114
281.8322872573347
297.7145001501051
306.5967686490203
317.1500099344327
323.5776805251641
318.3954248366013
340.2908878504673
319.42471590909093
325.0446927374302
324.6821261073476
320.33516599703955
308.72782757963
296.5098617511521
282.8556225611919
273.86121503652237
248.3476061427281
230.43083347833652
208.31996374348515
181.1219171707771
164.80373831775702
148.69413919413918
132.91506410256412
164.32051282051282
173.078
210.47487001733103
222.53554175293306
234.1628740648379
261.81115181115183
289.2874051593323
301.42309027777776
312.004843592331
317.99528418962524
324.20734557595995
312.64814814814815
348.22186836518046
340.1111111111111
326.89840823970036
323.71469492981953
325.28403990024935
317.9409321642824
298.5205258302583
288.11828198785696
272.30798632065984
260.1312101910828
249.9241695303551
226.7174837064324
199.5303867403315
201.0214899713467
197.81882352941176
177.2741935483871
176.50152905198777
223.64764267990074
249.38120567375887
234.94218415417558
230.67816901408452
237.3452380952381
257.4428079571538
281.8762167423751
301.5101321585903
315.7896980461812
322.61070686070684
326.28066732090286
328.6082963901203
338.9933598937583
364.0382819794585
362.5126445086705
347.4622356495468
364.93797519007603
403.6662645757941
403.90313053750737
343.88903743315507
306.2621359223301
307.7825520833333
