123.66666666666667
74.0
74.0
nan
nan
nan
nan
nan
nan
nan
nan
nan
nan
nan
nan
nan
nan
nan
nan
nan
nan
nan
nan
nan
239.5
239.5
nan
nan
nan
182.0
182.0
nan
nan
nan
71.0
71.0
nan
149.0
149.0
nan
nan
nan
183.0
183.0
nan
nan
nan
nan
nan
nan
nan
nan
nan
99.0
99.0
nan
nan
nan
nan
nan
nan
nan
nan
nan
nan
nan
nan
nan
nan
nan
nan
nan
nan
nan
nan
nan
nan
nan
209.0
209.0
nan
32.390977443609025
40.156976744186046
51.725190839694655
55.18360655737705
59.345454545454544
50.54348550483172
48.16514046251746
52.56785431512272
62.002448313384114
102.66121569683469
140.35022137532926
181.74454285714285
228.65093441256994
280.5044932079415
337.1239955495117
384.33492993428865
398.5899621780633
380.4442013129103
373.839862034984
416.68356317554975
397.0264951179821
374.439574709845
346.6384197083299
302.1004243281471
248.58246389829338
201.92659395973155
166.2712845886018
134.3890764162837
111.60732451678535
90.70908692796147
67.19374175758303
66.40584452864853
57.54592669535539
56.681936491410724
61.78307560137457
50.49146514935989
54.03326663331666
57.91397127902295
59.60507077305957
61.77843189724378
78.73158274579471
90.11396332863188
121.64065431079763
157.54350666318265
201.8144617063435
250.18939006328262
290.6911685257571
306.43637996489366
346.91128232066774
408.2425643396517
300.3718166383701
334.80779450841453
424.51876497205217
406.5034401990924
366.8374435119432
326.48576272492585
288.2595140314853
242.7319844303398
194.05336289726534
155.1939984335226
123.8626184053698
92.63464431549538
79.41614168548675
68.99212421242125
61.33357228195938
51.978814909206754
58.94176896443185
59.211194460473166
73.86507495835647
61.78051708217913
85.57221362229102
112.2935579272213
139.1833179573452
180.28579824748877
210.73219911783238
250.63631562268935
290.36140264835706
306.45663777483963
318.34321988114533
344.6755485893417
383.6094531376028
345.5427824951012
326.08814589665656
387.44942528735635
409.0962521294719
394.9336857280154
393.36493568365887
387.33299075025695
379.21263423878713
342.32982158028886
305.7888187446886
293.42403914052255
261.41543814668984
228.78132620521478
207.0952536557471
173.95473337833278
138.40035161400596
98.7167705768324
78.12091305400824
63.887717448603055
73.99765021819402
85.07769591426657
89.54119638826185
94.93165228931652
106.67096466093601
96.60399492707673
95.2828335963528
91.97587740043515
108.06151935884411
147.09429029265414
180.69362858847708
211.7750109857917
243.8520113123127
266.7448256441545
289.6108033240997
338.9498859604663
362.8592765259432
389.716181643748
380.3863401172818
320.8798370672098
241.6243842364532
389.9400461183705
395.6727486756916
365.58237347294937
322.24664191697605
299.64390558632186
275.8349551431148
235.13433517562692
202.8645217872969
160.80036276402785
123.91306282256629
99.61685467816855
95.54828756556618
99.81867609079788
98.69193770041228
84.49088888888889
86.69201948295242
123.18090452261306
122.09470304975923
147.72375
118.49492273730684
101.34532171958415
98.4542662116041
94.73009495982468
141.44590163934427
172.31683168316832
172.54093567251462
175.70394736842104
182.97880539499036
