104.08571582115219
91.68693957115009
95.14862124898622
246.01162669786183
99.06650246305419
95.57071993564821
110.11410341398741
139.5433522021262
171.5399515738499
190.7848504137492
208.52394250137337
212.36630017360199
200.97122681977166
171.33091319780576
142.97282001638246
132.33835794155803
123.68616174128474
108.13593049327355
86.95918205595625
76.25291545189505
73.68889129025287
70.17686437274067
73.31056350788187
94.58467852257182
111.24777244688143
106.7912827781715
95.38217652099401
98.53012781497262
107.82807668521954
104.67871485943775
113.99106002554278
109.51602814698984
93.3439380911436
79.53199195171027
82.25222222222222
92.21939194741167
94.54435483870968
87.50453172205438
61.35243553008596
88.0
94.92644135188867
85.07634730538922
83.24655436447166
88.10899653979239
105.60553633217994
140.45905172413794
138.92109256449166
128.9752781211372
133.93873383253913
131.94833759590793
120.63710247349823
107.13804247460757
93.10857973824527
95.79035472299721
108.3913043478261
110.3047652916074
108.25720164609054
105.28196721311475
90.36022610483042
91.93123772102162
92.84840425531915
98.7887537993921
96.36349256564378
111.23821252638987
119.40061266167461
107.48580542264753
89.27124329159213
91.49858256555635
96.45195729537366
100.98643675743875
113.84181422802112
110.47052492539504
127.90534376018248
148.16935767496884
170.20334928229664
221.75160816026465
256.24957612750086
270.13301865474904
294.1965064304714
316.3824111040633
286.016077170418
298.4840117318835
320.3981670691684
308.23443815683106
307.2211493030947
302.8530039104159
259.12156421149615
207.9452451202905
151.96719697775885
131.98484119345525
128.60811500844494
113.82859151628779
107.46430958428017
111.6207536865101
110.77662274870059
103.00668316831683
101.73486127864898
110.35597727547443
119.72804972804973
126.11597258829731
121.32007511095937
122.38144329896907
131.19909665763325
144.0761795975749
133.8011127719648
131.94380238200264
128.30959405839863
146.60201202306465
131.63343253968253
112.54836863194046
125.62244504435017
142.58809801633606
173.54392523364487
163.27194860813705
150.37617006386142
196.76420050076095
194.2081984045494
179.88562609154786
180.1311955903583
166.380458919319
167.70314879103478
174.8255426739023
163.51983333333334
161.69153735560954
193.9527653346343
218.74892199137594
186.06779159265838
164.63820388078062
179.80574162679426
183.62295291709313
173.5046063377981
150.43845071366349
137.15086294416244
127.31958605996043
123.27835641524551
174.93962320130544
278.2039324177453
338.3133205487535
285.9792742121889
235.8507328477655
211.88056552015192
309.88551746760703
291.2788812322659
251.40638160025915
240.19829726853493
221.5212033345415
213.67062600321026
205.3602868447082
210.31852687730816
277.09054003021146
360.21546449100686
344.5310307609282
70.6189683860233
59.7
53.942241379310346
52.8819320214669
60.501160092807424
61.20627802690583
63.32238442822384
50.17011834319526
29.681578947368422
33.268482490272376
36.549409571162215
40.26823708206687
40.887728459530024
43.78579743888242
43.764201500535904
42.63212927756654
44.8063214525891
51.82816901408451
48.59555320275278
44.61329063250601
31.53472222222222
42.51851851851852
49.11028500619579
51.157303370786515
53.0
50.853591160220994
50.43318965517241
49.841818181818184
55.06032906764168
57.841761827079935
63.55327868852459
70.40887629839472
74.16174661746618
184.4108231707317
114.79906542056075
66.1448275862069
59.786764705882355
48.7875
31.008196721311474
38.128787878787875
56.47826086956522
49.476470588235294
53.44444444444444
38.29824561403509
59.696969696969695
76.11702127659575
119.00628930817611
114.32510288065843
103.42323651452283
96.36178861788618
224.88013698630138
230.20332963374028
248.17042004048582
237.73870409536627
209.47348576012837
190.62134962710036
170.56479517803325
146.8567092998049
108.09060721062619
76.00167119281387
67.14163090128756
128.64383561643837
133.6531580374085
134.0838210137751
155.43938075390463
199.65035114994907
218.37651234070012
190.9451206259509
171.124372029871
153.08424444092324
163.42522312119442
146.67032679738563
122.35357064861323
107.2740535218831
84.10850801479654
79.30413356129941
71.12081971335178
100.74095860566449
110.93397978130803
109.94674829617651
109.06312292358804
99.86345598845598
123.19608078865112
132.9220430107527
117.61385530789573
136.1734986677598
153.994249535316
164.77451225612808
138.73936921387102
128.04948875255624
121.13795398364708
122.60997732426304
130.17987836305537
131.48789649415693
133.72460399449037
138.0311449475974
136.16129392080313
137.09996994891316
155.81717621754493
165.58986175115209
157.71447554925584
165.76449604812197
146.07055718767117
151.20133314720456
203.3054314811506
217.83452232476927
262.3183655044925
300.05797541049907
319.324089993614
337.26653895696404
343.8370722036728
347.7550438440151
347.5530981709593
337.33698493713433
380.8725373842867
378.8272268907563
355.934420267895
359.4559460088434
342.4684041548631
325.71007227792023
298.59446331882367
279.65579216143186
273.22660390047076
247.24970287271356
224.27362593910635
198.6564387365498
174.66418221185876
158.47236435483055
154.28456601283665
147.73566132201026
122.1358597962852
110.12116745283019
108.21607965522365
109.60638160444387
114.02220122815305
115.40546364961654
114.76213141397724
116.39685670261942
121.22839201298243
132.63867153538516
136.49791348600507
132.12546894539392
112.45499587118084
123.73446327683615
144.5385015608741
159.46352290811626
161.34165540271925
158.83189787757613
174.23335393171635
189.78917784098604
190.69904684648145
215.35563271126543
220.28944691671964
195.59867307562115
172.6274608060706
172.37475345167653
157.8763157894737
144.5563465879493
124.50587514049249
116.69239115692392
102.78967958271237
88.7768612084966
86.46045559252623
95.5826359832636
107.56802884615385
107.68313373253493
105.66297760210804
102.00775444264943
90.4713493530499
87.23452999527633
90.24679619677552
87.25556379821958
84.76112884260037
91.95528392387436
90.51140873015873
99.16295652173913
100.00039161934599
101.66821409066084
86.53482737734706
82.04713340683573
73.61644475589816
72.97117071947856
74.93463740458016
78.59632516703786
69.40629183400267
73.67328635490071
81.71770025839793
84.55266903914591
95.26327147173069
97.05357142857143
95.36627140974967
70.76602330662782
79.2434428700633
95.20591145189216
75.0849537037037
91.12956116380003
98.7635120700705
85.01914085330216
159.409033560434
101.2496194824962
89.57165605095541
110.64461291063634
94.77695038531475
90.20443405135585
89.69289368959636
92.70953268849784
98.20113125194851
95.14867114402158
92.93123017860124
85.91398901346979
95.3844523823939
78.1177612423164
93.39001264222503
86.02239309321462
101.1202948557089
107.12634578847371
99.397212543554
89.8697886921759
61.89354361754559
64.9763698630137
69.63391353172375
74.64767309875143
89.8467417538214
102.0906462585034
120.70702807985717
152.64052753519871
174.19217081850533
182.18988015978695
199.18790812879982
217.00239808153478
212.64468610973802
142.88532408411012
100.42208734661565
80.51808739255014
85.34301430143014
72.55032569867619
78.4648851590106
78.93417656169333
79.61790668348046
82.40757162346522
71.59127475247524
71.67806197737335
82.63838748495789
84.90519105984139
74.38704893722195
73.52326732673268
91.40355250856965
91.81516587677726
93.75124131082423
118.110337972167
132.63908450704224
125.55932203389831
87.92926045016077
87.4484282907662
83.84380810710302
87.28867676102699
94.47434017595307
98.72455770167181
99.36639794368502
89.9039059799516
91.67355186349349
103.61165480427046
112.19238115449915
129.23130851897974
159.11511450381678
178.13179758308158
193.78264725830854
211.6198266577773
228.7284653892629
246.2532577486564
255.56859421734796
242.70463271051958
236.5275270758123
273.3942924466553
261.00620784794603
238.33028244146217
222.56188747731397
212.19446974974545
200.99301619433197
172.8628442663996
140.99014847984915
113.63989290495314
107.64885625529512
95.79851119729763
80.57024088680451
79.77825099375355
86.35299503008109
98.12700936230348
220.04674530362604
147.8649781341108
125.66859829433632
139.326709752098
190.37236432142598
177.50850369352344
169.13543906069125
127.75138348670272
137.37372394473198
176.0786194458108
178.56773779669913
119.5854864990689
160.65274174018336
148.95758452634786
142.24925540556222
162.23774824081315
189.75398020163314
181.09324115865851
166.91467931909935
198.4251157348527
157.0838999586117
118.54591932457787
128.97460741730706
128.24471072832802
115.53855442470243
186.3153299492386
306.8672996217812
78.79994622210272
83.04406964091403
124.7858440810176
155.5207976903336
129.06048856145793
156.06571936056838
145.26185704742818
130.24872579001018
141.9630467571644
139.28439763001975
120.63821456538763
107.58157894736843
95.38960113960114
111.72739361702128
103.92515592515592
83.12867647058823
150.42844120328166
193.52876877682402
150.01012278203302
147.0161111912663
126.2834903192046
161.47457820337436
143.3688871266191
128.8461708394698
129.54632885211996
117.95177142857143
167.91430728576822
162.61490875347974
129.27672644407014
141.6529075804777
122.47717816935878
174.86992027999221
203.2565687789799
122.79524564183835
91.27573266619014
97.19568405614918
85.05746375865222
93.05461264713934
118.11360301823517
138.00060240963856
144.61174355901738
144.61443298969073
101.60498442367602
103.04634017904161
82.58851931330472
88.88029925187033
73.93272171253822
82.35106382978724
78.40522875816994
82.1101321585903
98.30526315789474
130.74242424242425
114.40243902439025
170.06206896551726
141.44444444444446
122.61824324324324
105.36283185840708
79.49529780564264
72.7304347826087
59.88484848484848
57.91025641025641
110.36363636363636
102.1114245416079
76.15206445115811
58.79484702093398
63.326945080091534
65.33960599823581
68.6851473592063
82.43342269883824
98.56106300388176
110.1741935483871
118.19735258724428
123.24931506849315
131.71148459383753
144.73333333333332
150.82003444316877
146.78434421980302
148.44008217301985
152.68958449785728
153.4443947525343
155.65080173072027
150.624494142705
148.38914452061226
157.22998437356375
167.74437681926435
179.5602212951206
195.5891736870407
212.18934054262817
229.58220135836996
250.37677278587722
266.10906791204513
275.6731441234126
279.2831113653076
287.73812670034977
298.50714749837556
307.57317293777135
318.0561980311574
326.14544164597373
332.0393116748257
338.0017361111111
336.18893553963943
311.21246006389777
322.51724137931035
364.54651162790697
349.93498168498166
338.31084543125536
329.99339463800027
321.41625666256664
313.4999039754177
314.7449373646039
316.79441193128184
301.7839864991562
276.5270060931529
257.64103460328556
235.03951890034364
219.27043502355224
207.14673232618313
191.94653287404523
176.54131222723575
162.1975194897236
148.42513429673906
145.46458424989
142.80210843373493
138.0372109402512
135.13921877235657
112.64984115778327
106.61155319776009
101.1701644923426
118.98499061913697
129.79136690647482
89.34334763948497
87.1924882629108
123.58854166666667
211.9796511627907
160.77619047619046
128.67892156862746
141.55867346938774
171.30526315789473
204.78947368421052
215.28832116788323
194.36080870917573
179.9388888888889
156.85526979324257
133.69107551487414
145.2535468464672
141.46818324771988
138.80686127524473
145.2112323783538
148.36900471305793
159.44753234307618
173.89698577941076
192.38027286649032
208.76672600504375
231.0432527332216
250.64622353863578
272.3104992378049
293.5013175230566
310.9366995975119
324.87739886787244
328.6300949598247
335.3523689990587
342.45772327964863
344.21812237272303
338.99299847793
322.6475583864119
331.40749279538903
330.75925925925924
338.4604858977939
341.39245532759765
341.4126187488797
331.51720275244037
324.8759539336756
315.4126631079478
304.06150888995677
286.3383824346859
268.88088012139605
248.50676493235068
227.62223723578805
213.35222567287784
197.7264777075037
177.95967218435572
164.13077109016194
147.886573698719
142.9237304314624
140.5870335380255
137.75552825552825
156.88996763754045
165.19058903182125
170.70116325711993
147.88451952367765
137.21685583192465
139.1348341805858
137.08622350674375
131.97698838248436
127.77663305567734
121.81333333333333
111.97778614457832
101.62285012285012
101.4823158369002
121.51273969004465
128.96959775491112
123.63980065303316
111.74910905203136
118.86668409358253
138.671875
144.08962356153697
142.00418702023725
138.26602420439264
137.91387202241944
128.67434518241348
147.52673506336754
148.45041034914453
166.12247644683714
182.3974025974026
240.6447976695586
203.12723046933573
261.72911241723085
224.60445489762037
150.92746036494168
173.7314026646928
219.37971726368755
162.8689601855431
179.4906422798809
173.51097025841054
138.93621563917802
158.66674606955692
206.36213966202783
129.12897940074907
149.38699913519747
217.70589497782228
172.0735727231536
184.89593695497706
217.6244513087303
207.92049014829772
185.1279646720254
173.90925981420438
188.97861453686696
191.6067099360504
207.1761498234479
213.5329554221313
223.58672527472527
261.0786373123275
273.8287804740247
279.07663590899483
281.40789540108034
273.50315240578334
257.5698116583904
249.9674036927285
234.9004265572596
229.6213770836462
225.97046492127086
219.28599316739874
199.7821977384749
158.93063125557427
158.43354383903656
208.63152317880795
223.35171827026227
238.87394487948745
252.5374787052811
151.16345907108033
150.69277465205803
217.4997034400949
186.4233880154933
220.99959305480195
256.653918699187
206.29820166747672
205.3437182649064
176.7568052159739
194.96073966114045
180.6866391184573
195.9045595054096
210.48595771536762
215.62481219145738
208.3902803472321
188.66306433693566
138.8650580875782
181.97437858508604
236.54822753503709
258.57474825716497
225.69403211148136
166.00489296636087
231.52984293193717
279.57798165137615
256.2707182320442
258.9359756097561
233.73820754716982
200.46535796766744
208.86946202531647
208.3819806403574
212.81024096385542
219.75650842266464
230.71459227467813
245.9703210175651
249.53305785123968
248.230801162308
241.83707664884136
235.6038726616344
230.04137492043284
226.08312159709618
225.0656188605108
225.05210420841684
223.81044776119404
217.43170426065163
213.85367990654206
209.6876206231045
202.1985494106981
201.5196779964222
201.68428490672696
199.26915408715465
198.07470391740054
200.06542056074767
200.18825622775802
208.7755905511811
212.71023546371936
227.30747531734838
253.92706645056725
255.27421875
268.6217257318952
262.1316287878788
251.01162790697674
257.2881526104418
289.8271092669433
306.1972222222222
302.3249686323714
257.7580372250423
255.3747597693786
228.3444835680751
215.84074605451937
217.86101694915254
243.05906313645622
212.08004052684905
220.20914020139426
203.39611536197762
205.92494042891184
204.78137769994163
203.0840451915128
200.32242672119972
205.87749639695286
224.42472515144715
241.4417193426043
240.31310183834256
243.43736805066854
252.20408163265307
249.05174761688608
260.62548934319267
274.72712006717046
288.2519053349378
284.4792539017891
278.07114285714283
274.81346238451385
267.7825581395349
271.21151936444886
272.25525269733106
273.45202974521516
282.32979792341183
296.8586306226457
314.2355441423891
330.35391460463666
347.83482842090274
362.50833032816445
372.61456741613915
385.273382301504
394.1440202355545
402.8036269890657
415.4571766095688
427.78274685183004
433.06550149582745
434.19485991152305
433.57105073334935
432.37638266068757
432.00408496732024
430.61169513797637
399.11890838206625
376.7916666666667
453.0374832663989
448.8479138627187
447.8456065457133
444.43898050974514
442.0181124880839
437.82210953346856
433.3025325119781
426.7910292588742
418.9598243121044
409.34483174526594
405.55579359165426
395.20092101311445
382.6730923694779
373.1258937990857
359.90073439412487
347.8328370330265
336.2035092981404
322.491808206824
312.85323868677904
304.3629515163222
291.69893176368
289.8816184971098
292.4422098936662
293.4315341664451
292.62402980440856
285.7306477093207
255.44641724793914
230.521484375
278.86046511627904
299.73837209302326
263.9032679738562
254.8920041536864
248.4812734082397
258.4742268041237
273.6084193804607
274.74329224075416
266.09972299168976
261.46566692975534
257.49129593810443
262.58012422360247
268.5027027027027
286.6860053144376
284.91470785762255
286.5486413043478
290.45628051486904
299.5578869869317
307.0850661625709
320.91116024973985
333.95441469351624
349.25839222614843
363.5102365787079
375.07203435319377
384.3392877331826
397.9876940770558
404.9333175691653
412.883472367049
421.64080024249773
430.1449468085106
434.62549800796813
436.1959521619135
440.4584408879711
438.94346549192363
435.5317185697809
432.8519722583442
427.99903022466464
420.6717703349282
409.9708291956306
398.47436940602114
389.3257242297062
376.5214248297538
362.87581083908765
347.333262689414
334.16181049822063
322.59893397150006
311.8720992407229
302.86787535410764
297.6006413682523
293.61642050390964
292.63341589732045
291.9105723905724
295.15009715025906
299.0353163361662
301.1800265302255
296.1106116865351
294.8858757062147
296.0483031064823
291.84744318181816
279.9997556505803
258.4312973345136
235.63883462159177
211.59928858645222
186.96135588191663
167.12804352152855
