70.0
230.0
132.66666666666666
132.66666666666666
nan
105.0
90.5
476.0
303.0
303.0
nan
nan
nan
202.5
202.5
nan
nan
nan
128.0
99.0
99.0
nan
nan
nan
nan
nan
nan
nan
164.0
164.0
164.0
nan
nan
nan
nan
nan
182.0
182.0
nan
17.257731958762886
37.83132530120482
43.5219512195122
44.44383057090239
49.84148148148148
56.300230946882216
24.45993756503642
30.08085501858736
29.61335403726708
34.27815970386039
43.678976080570706
39.52468152866242
54.025873987754295
52.17059921914785
59.80949164488561
103.76504031424436
182.00273384432182
253.8440107885134
312.1309661436829
372.7949068448765
424.2403612365405
367.98229166666664
284.51870324189525
438.4543788453986
411.4271034996277
352.4655943757989
301.86618083512093
256.02011396161015
209.9139634062457
170.1140342485411
135.41663485894722
100.67057383434104
66.76445837063564
53.59529835491093
51.66282780629943
64.57626249679569
68.39623320537429
60.39910498734028
74.2714163335237
109.77040018943879
134.00367909299095
164.12623649100573
209.52855523276412
244.88957128614157
285.6961273255562
341.0093042307917
391.7764473773726
413.2597534629559
378.46103363412635
409.2642585551331
405.77218045112784
396.5628726989888
396.00350825902643
376.5794367153037
331.7331672302308
268.9638888888889
228.03889187069072
181.5638179401516
145.92203121912667
130.53396351890558
100.24928747862435
75.56393649790697
62.74767770597738
53.89845949975153
41.05963473723444
44.2687981053878
43.63118062563068
58.56774368721151
56.49216693821281
72.6964663243733
103.94229594952168
140.07821971269618
179.52248593588763
215.25527492599358
246.9255925114519
287.39962583796705
328.21994755096864
394.20607537971125
331.41015310233684
398.5086355785838
406.28636363636366
389.662944689691
382.89922029558943
344.6826620965438
292.61404266810695
247.54094280928453
222.79674347419436
182.44000160584528
158.42683248374055
133.66024260883265
107.09163275077807
77.8220057393143
63.61854929721966
55.06994945377466
52.33911712171472
47.23460508701473
43.49519230769231
40.07667525773196
45.246688741721854
52.30983733539892
57.505689703025254
55.614
70.28752886836028
84.13234077750207
75.21782178217822
100.66524520255864
99.80987202925046
82.01960784313725
92.51293759512937
89.23145400593472
82.13272171253823
68.33494141971055
68.95409633594072
83.11750384418247
86.2866597850507
123.42781009903628
168.5495347394541
207.13576686650984
251.76332880675443
269.67911951635404
274.72663645744535
282.7504598405886
334.25499034127495
266.1671388101983
242.13973799126637
195.4173669467787
275.03066439522996
397.1900143678161
354.2902775840424
310.57624049257515
279.94333481943823
274.24113102827573
263.1163791697916
230.73862479056473
195.4554347826087
167.42031880977683
147.9492566257272
146.865483234714
153.0764239365537
162.07293318233295
162.73550620132679
145.01392757660167
143.1918514698298
146.61485451761104
149.84381625441696
175.87554395126196
