98.46855733662146
92.90776884806735
232.8265306122449
198.24125364431487
177.25424251774143
140.2796407185629
114.83176800131818
147.88723828514458
215.14052346032315
88.95205941931128
93.19764705882353
82.73771093176816
90.72981366459628
80.90677179962894
75.04175665946724
82.09574468085107
80.61858454889249
78.1497398778557
61.00504795557799
58.04610724702715
71.64843015604437
92.0976933514247
116.97135791108299
153.71181056887093
195.53286534779835
233.36435218324982
265.90833457138615
289.2915244909191
312.7181558935361
340.26268949392863
271.0978731784167
378.60028782155064
383.883030458152
335.7785038305543
295.1087513484358
275.71390502584876
250.51921596798195
221.63294585820503
194.5121976921861
169.82685185185184
139.81234567901234
110.32403254010492
85.19253624910863
66.37224145391605
53.5877971473851
66.23344947735191
96.38117647058823
82.91993569131833
56.3669297451158
68.01160124106299
94.5231254577207
128.30956998911964
164.9802300337198
204.66022348382447
239.60639600816512
274.3919506059913
303.2928620928621
297.79014811116656
271.4865460050926
213.86676188532954
172.21800632384756
157.15501196490294
231.3810692853246
241.02575806977504
220.34371628910463
272.06690006849834
293.7308268175012
279.27526506509196
250.7044067511259
228.07731188466948
203.76064103163108
181.16928292046936
158.26778882938027
132.4003716704522
110.67490562646054
89.23212045169385
96.15178316690442
94.14054568527919
88.65269886363636
106.31465344951634
130.17688538305248
168.40735011734586
211.19825990373937
248.40849068777152
281.24881933512364
300.2827055265329
308.75251408601383
322.6358550434202
278.84024429443906
192.7271247150765
235.0431513566525
324.0832756232687
335.39791912053397
315.8736284242741
289.5218499171869
269.61024379811806
232.12244369660885
198.984285186943
167.03296951874682
134.89730209836793
105.29238778668918
79.5304092613729
60.75926899815935
40.46246524559778
90.15739644970414
101.84710743801652
56.422280767783214
80.90725623582766
107.27080849034104
141.07955544068236
186.80115317889582
230.14020404120444
265.6917543690258
287.66148255037143
297.63664112626924
309.9355822251054
312.38111835126534
292.10672437453815
237.17511359664454
195.39395057174474
271.3087971274686
307.04407022572553
291.3511614288503
288.54683114197076
296.1908516552944
274.8553640291781
248.58064802092105
213.97386539953453
178.25449777078416
144.7214191183956
113.08541073124407
72.42559359469907
60.29649723967257
52.74425956738769
61.065832784726794
78.65004156275977
83.68866861905835
