225.0569105691057
216.60518731988472
194.96505451495668
178.5008547008547
175.49178255372945
175.56017191977077
180.32203389830508
183.22708840227088
188.5411051212938
183.83895131086143
174.99665178571428
190.72626262626264
255.94766924815653
215.53355853853677
211.2981203007519
212.05090434458324
222.23889709502708
224.58997861289336
204.31445499695042
192.4751616696061
215.30647545830868
203.63933932426326
250.7711950072518
273.85016082215424
294.71363726070655
306.9675258778161
315.0422186137937
326.1454836131095
336.6524619663013
340.29314994606256
352.53670095942664
364.6957359672368
367.46534364511894
376.2694773966015
384.29300933262897
395.96321070234114
404.5784277879342
412.45172684458396
422.1747427101201
419.0257691296345
419.89229024943313
429.3529153879877
429.49042792792795
423.0388161086851
417.74733295901177
408.2343586158686
397.57385854968663
384.8698706512043
370.744692215249
364.6209216279852
352.6247056692628
340.65762072640814
332.346921797005
315.6850458237091
296.6132139363383
276.62727759914253
256.7680687203791
245.38655026363557
240.44378478664194
232.60287234042553
209.55421686746988
157.44786133631536
156.53612370034656
221.49035510740904
178.08858360966366
205.25017909296304
214.58123979155323
231.39175807886156
249.27814277309275
278.6589705353011
308.05992967436174
327.7878531551345
340.91242664603084
360.0512753262081
369.33826477704804
363.4503044496487
373.8806641992598
384.0699846317532
397.32122826696576
412.60812956494124
423.39330124348174
433.740614334471
431.6278971765697
428.6046979865772
417.9838399384379
408.3998094633217
398.00376850605653
385.0270445694505
374.7830073921587
379.1927560837578
375.842531100926
356.16896270078956
338.23203262162315
320.2329633533825
298.9696080878682
271.59144835892806
250.5819971522318
233.01239533197074
214.38646547179758
196.61977186311788
182.07885167464116
205.08439986163958
210.98964646464646
200.8749863641322
213.0597609561753
222.81909113361323
238.11135413628853
257.95088623068193
277.0290038421891
299.1387716830755
323.7459442069948
347.39888358011257
358.08475388877054
349.30855469865753
351.167796763403
359.43817446043164
367.14797136038186
382.2280475576565
395.531228668942
407.65141896938013
418.28879546700784
418.81530282015717
422.017125382263
427.35751028806584
430.8987764182425
419.90007701193684
408.8623211963589
393.46706754300095
379.66183574879227
367.87139470564995
366.5928893729578
368.89578618385605
364.14275539728465
349.34975840788405
325.81360007694525
300.4429995203326
276.7674405339114
255.26906700062617
238.29795649307843
226.34021795537103
212.02106410023606
221.3494307027876
254.8059397884459
232.70151701517014
233.02131782945736
245.44931119745672
262.0726284240608
285.9944317267834
305.4195440068753
323.46563753706613
346.4138982681625
355.4659628015469
352.0298017426443
353.41476923076925
356.5704392199745
368.74843489148583
379.4050049800797
390.6804940260438
407.48234624145783
421.6356981000523
427.1758975284142
424.77641277641277
433.92885906040266
441.57473035439136
437.02258784160625
428.35960844925296
410.28312636961283
404.0368788267122
388.0836648583484
376.73255571755885
375.8895952361793
370.2635834411384
356.41552232167675
349.0333286391588
331.96364430372836
306.56507392601054
280.17223234163123
251.0669191919192
228.9371469949312
209.46443604194906
200.85596071655905
189.28910202360876
120.55659927238027
235.93538546866333
219.7122678018576
214.8877562840264
220.93309892616173
222.2547345282381
237.87748207391064
255.79798970335867
278.55360110803326
305.7058874384023
322.5245607744711
338.4208528406934
351.7745313052706
361.4030848329049
386.27149066323244
387.04378300528083
386.8225275788659
402.43633208756006
412.4124432016777
422.30352406214473
427.34993773349936
424.14567233384855
436.7254290171607
432.726625111309
431.01677539608573
423.70832546724563
409.5154117466646
406.7274961597542
393.89880794701986
387.8511103817963
385.23198090692125
364.0239994353074
345.6997987405051
327.5076481835564
306.6037198391421
282.9866962305987
260.2045138449867
252.11948881789138
233.44127731092436
195.02031263061104
177.01877066718538
170.9560810810811
172.3844344246226
224.33482475764356
258.7128583840139
201.2797062750334
174.60615500802416
195.49792920215677
220.35018135018134
212.36663704456012
217.3271390441658
260.6974435243991
277.76715480245986
301.9055302848935
332.0334363907019
345.36007736427905
360.5579042206667
378.1739819865533
373.36055128471503
382.2879014189694
392.16311486395927
397.3152961980548
405.3035458085673
403.57608263806117
416.08887809616317
414.52457205963555
406.0409240924092
399.3814567378198
395.6282204198473
389.99964977819286
385.2738502470543
372.4582208101668
355.25388745554704
347.52325894057543
330.16806776615545
299.21840865818217
270.66891923165934
246.80817573800738
234.13618974751338
225.79661744505495
216.20142304070316
192.11971586971586
214.06749311294766
220.79988882712618
201.1789704271632
211.96870540265036
203.6029162974301
215.707541625857
238.558566751546
261.34905888030886
289.88160518444664
312.7353670914627
336.2836391861174
355.39337579617836
366.213757928464
371.89816054690255
376.21826550387595
373.96484634092417
381.35407854984896
385.54303902574037
393.1813702848345
406.3256542572798
405.24040862656074
399.57788051209104
398.92685305591675
398.9156853509185
400.92365805168987
387.5868919130299
378.03707518022657
377.8851170568562
373.7128218431805
374.92591053870655
368.9997247150801
360.49964318483023
347.82106353280204
327.6989381367955
299.70964737755577
272.77452080815056
252.13729308666018
234.07161169030934
216.18032318032317
212.18988464951198
213.15336837075967
187.3001053001053
227.48250932835822
216.03818888634805
208.47697756788665
241.19661769015028
251.7351701106241
277.5750312018207
305.58111141341317
330.2874367012298
347.8845965953929
362.9198259231011
370.07417142124496
364.04342058719493
369.8657475943745
378.90071911559517
389.8557751319504
402.6665273715002
412.85921804976044
418.49545123726347
416.6157603386519
426.40639409775594
417.7279534109817
419.88125
409.70210280373834
396.6225165562914
383.60873215785057
377.71596244131456
375.8692327139426
371.47459241619345
356.6470301850049
343.18179208529835
321.5039503386005
290.6264712041885
266.07140294223177
249.47911455137583
235.73359683794467
218.49181348440516
206.95477660733744
200.49173616376044
206.03364286801644
217.16436974789917
231.24919135722604
243.67795956591198
259.33789130979216
277.85139619174026
293.61670341538047
301.71053476794606
298.60553873641373
297.18408544726304
296.74691525792247
283.50164680519794
275.0817693481
268.5854149578704
256.8272771317829
258.23658962058437
260.69249343086426
263.6868805644213
270.9278238902923
261.4645091106881
231.9370751423847
227.62423500611996
183.10743801652893
149.86707956169604
210.94323475246452
234.78501486273825
241.24860655111857
258.5237920668671
274.35834948767655
276.3431866885163
280.5545317220544
323.0243656716418
324.89399980860634
320.5434123993202
308.4763785232954
273.2674954452899
226.34141684809916
205.14265298644193
188.7779366858645
181.61619569801772
190.97721879449455
184.2722602739726
154.085616924606
176.81059491276014
169.8419202163624
153.01226993865032
148.774036249885
171.32136369397153
195.80937383448676
216.90345640219954
243.4056992152322
269.45558324871536
301.91792324733797
322.6629624548406
325.27204634560246
323.8764073054791
306.9642174964982
298.0612519201229
324.81036652509044
348.12952029520295
363.2069538257114
382.94532602423544
404.3680146311725
401.30411764705883
397.9228426395939
409.63594113090625
401.0663725302129
390.51791694574683
383.08115505679484
377.0715402188289
377.7617029292644
373.7081934738348
365.45113352858226
353.26750016714584
340.4408404853507
318.12540505508747
293.0877498993694
271.1162934045613
251.44034678226075
231.6952940333787
219.97650986342944
215.1450627757041
224.30265364506263
213.11374233128834
177.8195894224078
156.7961821435673
139.88606573906029
148.33551340745586
196.2913043478261
206.32040973675515
228.12440911044263
239.83208255159474
242.72781316348195
241.87069965210668
227.86657101865137
231.3035305655443
240.84728637413394
