367.784555984556
357.7450357426529
364.31261976457705
391.7305350849087
79.11507702392659
249.1463963963964
296.6525423728813
341.66339869281046
365.3945720250522
359.1969854962556
341.973806339967
327.8025651988029
307.8949402670415
298.458523953388
292.0027277235907
285.5279993618379
274.0589630356559
222.19113034072473
232.0730769230769
226.5190181335692
232.09601294128842
248.65369971858965
267.4172416730556
277.6475448760566
274.3007549479698
276.28706821299414
278.68214670152236
269.7169811320755
288.0555762775084
295.8964458095656
299.9989843849181
298.6733413030484
290.75953641175397
276.40434782608696
264.787523591934
244.27913637365057
170.74042479108635
241.48502604166666
293.8040394325559
237.48388625592418
248.1965744400527
267.3575151311365
282.24733161575267
288.8857650192365
279.6630465051518
268.5930576070901
266.55949008498584
292.56858943286477
296.4684942313381
291.0543045130201
270.5325629311117
252.7696999508116
225.9766917293233
155.00927734375
186.3578856152513
271.4997825141366
240.6968056882097
255.22376286947858
267.5764275621312
289.00114346028676
299.96630817550204
302.9709337654446
297.3730437559885
326.7062966031483
311.6937431394072
309.3738964447626
307.13476659699415
305.0242381037248
287.00756527354923
267.16100129318306
251.89886512001607
230.32427258805512
164.22352389878162
177.43295249549007
248.0651542649728
239.71968876194228
258.7556065239551
272.2915916898413
292.2796069643165
305.92786622787514
301.91012964183693
269.6299948105864
267.7100134408602
315.50932591623035
311.33051967863315
306.609756097561
292.89397824741354
270.6009803921569
251.83509493051477
224.5521700166432
172.77746647988792
206.8465874773505
249.9310706054892
231.349698630137
247.81911936149226
267.5933034230641
290.03131234278777
304.3624065840507
304.29879987691044
291.4559707342566
296.766078184111
308.20427372169934
309.04884019116446
306.48203422053234
293.30543548238757
279.8386407947266
261.23084191628084
249.42304070314952
226.493895531781
182.78470254957506
168.91950237833882
228.45987851662403
239.70768197947635
258.2005437917113
274.8548173855561
289.7767910511485
292.8408258746949
292.4598458304134
289.71144278606965
270.0781853281853
278.50851221317544
313.9238957737528
308.09540784231496
302.6814185228605
291.43138191194726
270.5842766642434
254.18249489734663
231.6148109608047
227.1117903930131
226.75032894736842
255.1444082519001
253.03653871520908
269.9547297297297
283.54940273037545
307.1772855554605
314.7788116591928
311.93853183962267
303.13601236476046
313.4341906202723
325.7001647446458
327.1812865497076
320.37368421052633
301.1929874302996
287.3569227710963
272.94091627172196
253.34270122783084
223.73746701846966
317.91776447105786
296.6336161187699
259.3327636301487
264.234575225439
275.05567654578164
287.13117941122016
300.46992481203006
309.4539176626826
308.44286571943167
294.2492581602374
281.81232492997196
316.37875904073087
319.322628458498
310.23180279305967
293.4053520292288
277.5762234951261
265.8592296039818
242.19337242601935
197.6196528966023
217.49091597274793
282.0316116285634
247.79041248606467
256.96985286552115
274.7673132704859
293.1412987459199
310.3460191669738
312.3467584624211
301.84696061643837
340.932769726248
321.02509547190397
318.76976976976977
317.1888430649012
303.4462365591398
288.37245498906276
267.173197492163
246.49382129277566
228.0613330315718
163.71011368090944
239.0329400196657
287.8142699521883
229.46834477498092
240.9134842519685
259.58054815705816
279.9490744618477
300.2297522108397
308.85686746987955
311.24105979441146
281.2553437319469
276.7747851002865
327.440734557596
318.7656141568355
310.7981395348837
305.11526576019776
291.6782543687506
275.854142461346
259.1202836621511
245.56109826008247
222.37866275972297
199.18878504672898
257.63818056512747
273.42460456942
232.4147888274187
246.4726253904097
269.1485909479078
286.41936586616526
299.8309048389998
302.86400483968544
300.3199806949807
284.0074380165289
289.18590704647676
316.91961569255403
312.90951249858614
306.11855826668017
288.878301974233
270.1726467634438
260.15398264984225
246.71099099099098
221.8807844486496
200.3255736614566
180.14020163831128
250.3436645396536
245.32832148715144
250.54500381388254
264.246234676007
282.7594343871026
295.31815937592575
301.59384401758854
301.19781742594836
279.29352112676054
274.80479452054794
315.05968992248063
315.9282879430683
303.8763739139537
287.5759321006366
277.09273882896764
265.40459636925453
253.7390326209224
244.5869193014496
206.4217167783144
186.60289777300778
204.45473336089293
240.5883426966292
246.92383245064997
264.62516556291393
279.4431170740673
280.25811103100216
282.8868260144525
283.9673475704116
275.9916759156493
299.03894080996884
310.1937984496124
299.81737413622903
294.8035565103234
286.4931864637747
277.56687697160885
271.6605857910206
254.98053553038105
237.38983240223465
223.22342447726277
205.2213796477495
241.68251841929003
267.3179227359088
229.48786885245903
238.20732255166217
251.2848128998335
274.61848618486187
289.75350665594567
300.43150036799494
297.58671586715866
289.6531791907515
281.5918822479929
277.47718526663004
310.59341329538523
305.01777843079634
301.2864598025388
308.30839694656487
303.12038762579203
279.2166253425551
259.7173274596182
240.09531129900077
213.44634588282665
266.1121833534379
274.9660079051383
247.232266726337
256.336302547273
265.90884811890385
280.5666335431158
293.7018279892119
304.87791398713824
312.3877089478859
321.19904153354634
333.3036703276072
345.8620930435542
352.1998452012384
358.87173452577076
362.9973527465255
372.5259067357513
395.63129318854885
383.8313995649021
352.70055599682286
339.08169149447383
