158.2679355783309
154.4487291849255
87.7927927927928
110.0
110.23333333333333
122.2
121.08333333333333
115.07692307692308
122.08746355685132
130.0030395136778
151.25888324873097
107.92957746478874
116.5701754385965
130.54929577464787
145.7156862745098
110.81818181818181
96.875
168.19354838709677
119.0
131.43142144638404
163.42424242424244
146.82978723404256
155.14285714285714
134.91156462585033
158.5631399317406
164.03092783505156
161.77777777777777
72.36170212765957
61.80487804878049
154.96319018404907
162.7338403041825
110.31288343558282
115.88421052631578
70.70370370370371
101.31168831168831
88.928
77.6029411764706
124.27941176470588
166.06857142857143
148.01360544217687
147.0462962962963
162.54237288135593
173.63333333333333
185.71428571428572
146.44444444444446
161.80416666666667
133.858407079646
137.94833948339485
153.03973509933775
147.53378378378378
139.17532467532467
145.24617346938774
163.51957295373666
155.2349468713105
147.8896103896104
159.1757225433526
159.60761736049602
153.54491899852724
153.53783783783783
134.85765550239233
134.01316511245201
127.00595560368164
108.17917235106867
100.6592885375494
90.09170153417016
76.30473612990528
59.89655172413793
61.957037643207855
65.21048239025204
73.51373134328358
81.17893835616438
86.25547736024433
97.04341700819673
114.41917194092827
126.62506380806533
133.14021949644933
136.40194900547323
137.69260219834507
142.6352927589791
148.69680739340475
166.0997534415451
179.02160392798692
185.94546048334422
188.12346035411855
193.7487088156723
207.85256966541317
214.9104616337912
222.52067274001402
228.02847593582888
240.37334716100597
251.8132387706856
258.07546181055943
255.04948710840034
253.77546296296296
248.34982332155477
245.57969151670952
237.27818023761228
213.09470989761093
230.55643564356436
285.54085397996835
274.5945647370747
274.46077170418005
294.202400929392
291.8644859813084
286.2270954138113
278.7431588613407
269.0970167961895
258.8584360855314
240.90278920212367
227.4449862200551
198.98283441490474
180.1705823627288
168.83121154900408
157.51999251450314
132.80291788764885
108.71330933056691
95.03472308649658
88.06111652512878
89.44717148145168
90.8625165562914
92.21804903495044
97.87818661308552
110.06565977742449
121.53976833976834
122.65087216870607
135.56499407348875
150.5851132686084
201.7204843592331
217.47254725472547
216.87090367428004
194.24247355573638
168.40542420027816
135.59582919563059
124.58112813370474
121.79956367602945
110.92411467116358
95.7965367965368
84.05001623903865
92.14443872296602
92.03304274465692
99.21198015557053
115.43092433034406
134.3814247592528
154.08504049547403
170.96474908200733
179.0082176771366
192.27470044505307
214.92900712868376
229.99658919647814
243.55755764304013
255.0261096605744
263.0975002489792
268.27941026944586
270.57005466693664
281.5833082253691
291.17080526792
298.76384872080087
286.79221539362015
267.70521541950114
248.8
276.59062776304154
321.0968660968661
298.89376014845743
303.6157133011716
303.9303415941058
297.9638227897079
290.54268928266845
286.0028551652535
282.84423932750946
274.3444546709618
260.763322307975
244.76339132228563
228.86604553587955
206.32626665916888
180.3076585472899
165.07891498582205
148.54408256117185
130.71584125580367
112.90524667188724
101.364391899801
96.40095969289827
96.6198440822112
96.8474603049214
102.08784706417842
111.47252747252747
112.55186721991701
120.78915763135947
127.41240157480316
124.17840485074628
147.32936383578814
172.7172667757774
179.5579809004093
162.15488785442236
156.46201743462018
152.72287027218098
261.53313114603435
234.22140325014917
223.6803448275862
242.7379365872619
242.03431779350746
214.03411031849694
211.8377651829118
223.92434583661776
188.6292029572615
196.40727094787138
247.6696401677518
245.5491394362684
240.31267918246556
225.38782426271837
244.12514513890855
278.0390710192339
253.40126930123003
215.21882041460117
261.6409193801149
171.02961287891026
212.43174924165825
252.94163641440937
298.33235466823254
185.321639829116
209.71985064083157
277.04742505764796
285.9044745305118
277.4639111527967
249.0433472904178
269.2045141009114
241.9059150711306
234.06169993971844
232.10362727505768
228.951211773607
225.23619706982763
236.6823970037453
254.4548240238137
285.15248065543926
266.43449411764703
257.3173713061559
271.68934350814527
255.44455263442606
230.05222983531675
226.2843626407058
226.70174740421837
246.15412166928962
259.13639720502186
253.06253312135664
232.4672470978441
261.63863980026025
244.5356527093596
254.27527673453253
240.06585306585308
265.101575506068
259.4664410389018
235.73218771616848
247.78989818854953
231.7456528449429
258.02185078784714
315.2870683016409
349.8212251424003
329.97034694923946
236.97606629578118
206.93982895540623
189.17995910020448
233.5
278.20567375886526
251.13333333333333
238.30337078651687
269.44505494505495
307.6862745098039
348.2888888888889
337.5348837209302
340.4148681055156
345.9424603174603
326.8343949044586
333.4439901880621
262.864057127744
277.1304715840387
308.31328590337523
239.4505401992423
289.46879042690813
327.4049445096093
265.5225585023401
286.4922247446084
268.4842556508184
276.16130021465807
304.0178494930744
263.33006402397496
316.2158483228002
235.00990699555197
247.5741710296684
336.4760273972603
335.76148796498904
318.15614938828077
323.6110739004242
325.7493289283502
274.0086354232257
277.0182942540582
294.7210308872713
299.54535716024736
281.7626587119474
305.6605937062046
300.7643546164446
290.0937950937951
270.8434823340471
337.5418330228019
225.74312128549417
227.16675603217158
235.61081794195252
228.57587548638134
235.13579277864991
235.79777070063693
250.03610354223434
252.4785100286533
259.8379182156134
259.5273631840796
248.1191011235955
237.4651567944251
233.36909187466807
236.1553299492386
241.44037122969837
239.89770166741775
235.44199424736337
242.74848907484892
261.4899355877617
281.2280769230769
312.6230975828111
310.3807803468208
288.4912427022519
267.10151187904967
266.76245463543387
269.8247676325861
275.79816250358886
287.70894788593904
281.9209891435464
272.11550491510275
240.00860914482496
245.85080578169132
262.8980545920676
268.00332901793973
282.36512524084776
302.55002165439583
340.13287514318444
331.84040920716114
313.16221284575715
315.6127819548872
329.15404168784954
340.36489361702127
332.1654794520548
311.2474518686297
308.43075539568343
287.48368442792236
286.302444363371
280.4149230161863
286.79957081545064
302.61565369479666
319.9527586206897
320.3166012338755
324.03839441535774
316.385870780237
308.12085145342184
307.6649895178197
303.8093675961363
303.3286986408374
300.94325032765397
309.3737716424895
316.2095006090134
320.6720170613986
321.6431406598859
320.5376275510204
327.3929799596822
338.21063417966525
351.46827392397574
361.358346581876
369.9902100110532
380.2384555984556
391.8966364613731
398.9687843137255
404.4032969139352
409.5545129579982
409.08482278097546
416.06749925661614
423.17407071622847
425.3494519664732
428.35935350756534
431.98491135420596
435.9049639372083
440.1482394366197
434.55827338129495
413.359477124183
428.82312925170066
449.8167082294264
441.19517313746064
434.7663804789878
427.42565845369586
426.09731426578304
414.720541630654
407.2432432432432
400.11555650138325
389.31538461538463
380.88331515812433
370.0229081263564
365.24979131886477
364.84591412742384
347.7913061607422
322.9894081677222
305.078620464204
291.10086139389193
277.78377504848095
280.7352363960749
277.0609756097561
275.26705069124426
266.75384615384615
267.5975316074654
276.89648682559596
276.8674596431606
296.0787766450417
273.97565217391303
266.54352296093214
276.1932907348243
270.9446792162889
267.8769625120154
268.31024930747924
269.0933460986118
273.8386822529224
277.623341729639
284.1621384750219
301.90098039215684
318.9903808402042
336.09187533777697
350.20364909694064
347.945458544095
361.24958794443137
376.3338048090523
387.7007481296758
388.80300187617263
389.453125
397.0520887055183
403.5183879093199
409.96788537549406
417.2432867883996
424.9313203078745
428.79573934837094
424.37221022318215
421.1202715809893
413.4747023809524
385.7849829351536
383.3622047244094
430.17118402282455
436.86359761295824
434.78513011152415
429.2630906768838
421.1383322559793
411.99149969641775
408.9116847826087
395.95019992729914
394.5460091509914
393.7080592105263
383.0584437648658
361.8654990085922
348.9630281690141
352.01694527135334
338.39801498885964
318.61940028901734
299.0064262763299
288.11322484528995
277.8389362769694
276.1926552025648
262.03014753046824
252.3189233278956
253.22055137844612
223.28719723183391
239.3486312399356
276.0262123197903
266.61930585683297
252.9547134935305
236.65491923641704
241.28013977868375
252.28016267510168
250.93239227340268
257.1804015582859
265.7311468094601
278.03446215139445
287.24527622818067
303.8803675856307
321.67342138592363
337.0919837458441
339.2247029905776
344.9891435464415
360.53109638811713
379.38002899601304
387.4685552407932
392.83787878787876
392.90325538743696
400.83748169838947
406.9
413.1478622327791
421.26906650396586
433.08829431438124
417.8373266078184
392.82323232323233
389.91715976331363
377.48763250883394
425.9795918367347
428.6157094594595
427.0957387935805
415.2410158121706
408.461135371179
400.6252983293556
396.8566912539515
390.50206953642385
379.6113725490196
365.9377537212449
349.47685185185185
343.7221566312475
334.70260944576233
337.78840579710146
316.08350236646385
294.26418439716315
275.6165788744109
258.54869109947646
270.3364711033275
261.840022611645
226.7549841624744
205.88749517560788
185.04475630570832
168.5713448006255
168.4540201005025
182.6246301775148
198.24552745219
195.18016046681254
161.40582433067166
169.95133333333334
178.15982905982906
197.35315315315316
213.36649659863946
238.8748590755355
245.34244604316547
265.6092124814264
332.4047619047619
313.9195922989808
289.2561851556265
268.08346709470305
261.92778187177595
276.9513274336283
260.70483670938404
230.5855901890649
255.74716326258175
235.16040936333823
218.20862239841426
222.64691558441558
233.09686098654709
245.77906731377928
258.6481385729059
268.0328386485633
254.6414373088685
257.43651664837176
259.4668465690054
292.1080472706809
300.014745308311
290.75495307612096
272.89071038251365
282.6029615918556
278.12398137369036
283.7446626814688
274.8323494687131
254.20646853146854
230.84502882857544
209.67713183450846
194.88155994222436
177.33537486800424
