381.22342064714945
389.44279515871204
388.2679179949434
282.683255086072
294.3423913043478
310.41253263707574
300.7352941176471
277.4849498327759
301.7866666666667
367.1286432160804
384.21128566848347
377.38163781365495
361.4821242624089
342.1403745571115
327.77725637415926
314.0730837789661
306.84108237404695
300.75332252836307
286.4755603985056
254.9086531446082
224.39190609670638
202.23458785499884
161.57737627651218
124.24713584288052
212.30337738619676
220.5636414723237
240.52413530976816
275.569623585154
297.53088213922393
305.03630217519105
318.0754586362063
315.79920116194626
331.27196652719664
311.8607594936709
321.7408036219581
322.04573455292143
314.3709575142676
300.1652334152334
278.587362892013
249.30751391465677
223.78948247078463
200.2522966614385
158.42570113018
219.97464167585446
241.22582181991424
218.84911194394655
230.81763376036173
254.9354337696916
292.407747196738
305.73523864790366
319.5592894863178
320.31685813518567
319.515625
299.57122507122506
324.9101520086862
325.8615413323381
314.5896212347152
291.97488879322714
274.3047280272714
250.7947452460444
225.7724770642202
197.6519193233572
161.35729123390112
238.1987767584098
267.3650416171225
215.36602123672705
222.42767717415606
262.1437264881611
291.8957626053062
309.4059001712103
319.4775687409551
312.45332278481015
343.90434782608696
326.5950196592398
323.8487323943662
323.5237161198288
313.1150561797753
293.46093247588425
276.5751793868232
251.61811997526283
227.29825803710523
193.94107775498787
233.04599451720986
181.77454879167942
222.51013309134908
232.45836385836387
253.40026143790848
285.63162693760586
299.78751857355127
302.1333539126408
313.0602902105048
312.254846779237
297.3439340400471
292.9263862332696
319.0117899249732
317.97375713121437
308.4684571268709
301.46915676287495
286.1847035144759
263.9027435265105
241.71613300492612
216.7727893479003
179.67055321260233
229.91981566820277
196.32766861391397
210.63289280469897
224.6609442060086
244.85816326530613
282.16058981233243
301.96301169590646
301.0415697223515
310.98746336698144
305.7634164777022
348.1362007168459
326.0985761226725
313.5480798771121
312.0130493187488
303.4776807774666
293.61491503052304
279.75061324611613
260.29751347591724
236.7481346377052
220.31509206676992
190.5560011458035
146.9741935483871
117.59606656580938
155.04825291181365
211.4395910780669
220.83734939759037
225.3294149439265
249.23454833597464
280.74914243102165
298.55059132720106
302.42429843723744
307.05376630290124
300.37385804638086
311.8512851897185
306.0336842105263
314.04202848211185
313.8957286432161
305.060101010101
291.349680834501
270.6531116233125
246.31415787791627
230.19258448060074
207.0268900154287
181.49714611872147
250.25014714537963
188.1498897869214
222.06536479522646
227.91053024645257
244.44004282655246
280.9837907009811
297.0123574144487
305.19900577293134
314.4384390651085
307.67155172413794
287.4257703081233
274.0615384615385
317.85707019328584
325.6646565285789
318.2039420756235
305.2714442815249
290.5186246418338
273.6163235562033
253.38915094339623
232.54904530138526
207.32821447162937
163.15365448504983
154.13548387096773
192.32828282828282
277.76730486008836
242.88903020667726
227.47216622732208
257.6539443813848
288.70551440329217
300.4970445062587
308.2801651341715
313.7099309359371
298.14766558089036
316.5368234250222
315.5600882028666
319.9657577679138
323.80859375
309.7712634186623
291.8336814125688
285.80807877813504
263.9519914651494
240.1851851851852
219.88778877887788
187.30901639344262
167.95147679324896
170.93406593406593
194.09590517241378
250.5410504844467
222.9699132111861
240.92199941020348
275.88065909454485
296.3440067057837
302.5935015554787
307.22010256410255
316.34771968854284
318.47938504542276
334.19101123595505
322.95336787564764
318.5508637236085
314.63880597014924
310.8287370103917
295.5245788930904
281.3643903299806
269.70182695622196
251.88380216951646
238.21001707455892
219.63453733766235
201.26900149031297
162.86453839516824
142.71547619047618
157.8708530805687
177.3576945929887
210.85287610619469
217.50985316846987
228.24863613820466
251.3119400793068
280.4545592244774
295.03524565151054
303.24825174825173
316.27632
334.72
356.0164334317627
368.34095274683057
367.61486835312337
361.42359767891685
356.17131474103587
379.77554064131243
401.44622871046226
392.3221990257481
344.09464508094646
300.0612691466083
303.40625
313.6340425531915
270.93197278911566
