191.81852551984878
109.3273381294964
195.06196943972836
84.87763659466327
106.4727422907489
103.28476996298255
88.16856113113391
105.74558173784978
139.66372721928278
143.93771626297578
138.1522533495737
157.06790945406127
176.0995085995086
174.22712418300654
175.04094488188977
152.29207383279044
118.8538283062645
83.30020080321285
68.38625592417061
45.307036603710515
51.44388584947509
68.99364406779661
112.17227979274611
161.04515623834737
196.54507502658421
230.76288093326008
266.2044806306073
295.5036529943048
307.61478831246274
325.80394516883985
336.5717485650287
336.8540807247432
319.9832035281974
295.9741056218058
259.8812166050144
137.1330985915493
134.67134043746495
155.16108520559558
236.1521298174442
376.78418009087153
373.9976612094888
378.1222807419281
371.11310367837183
356.6799525504152
327.2414166666667
300.3616332819723
284.19747668678
263.3883768059097
242.6238982624024
221.1126136766269
202.2364698091626
183.22929012734838
168.45667202011032
155.1522097270969
143.39127712854759
126.42576123002713
111.23162845385067
92.31334443827504
74.59795691311824
67.32882882882883
70.1031029387621
104.65416666666667
102.86976600985221
109.36677206093705
83.70525291828794
84.08412738214643
92.44158113125137
105.50520833333333
119.25914782891527
134.4657524901078
153.45734567118774
173.48674555430688
190.64118476727785
209.68239564428313
226.885203195554
243.88253608831022
259.93955127016505
278.1427793410184
293.56064333017974
306.4054884292443
320.1972120658135
328.5411877394636
331.9136171710063
315.2598039215686
291.73104265402844
275.59060402684565
288.3370901639344
295.6638452237001
352.3346949195813
343.6288998357964
325.06691690396065
304.3096107055961
284.0485021398003
267.2255285826155
248.2675765569446
234.92180123471735
221.84291091593477
208.19919263277407
194.7784867821331
181.19535500995354
170.11816920943136
159.30031189662856
152.14187142376304
142.22822429906543
133.75638506876228
169.24183006535947
159.007371007371
129.66175024582105
138.2191719839739
150.72477928193055
168.77164513718373
189.18416874574734
208.0896625730297
223.4578682693487
237.98231180584122
251.39055604589586
263.7231114435303
278.70381451009723
290.50711048601346
302.07705452850706
313.40027637033626
325.2192539501547
337.34263782274945
343.9884726224784
353.015645037189
356.9301835690641
350.27331887201734
325.5807560137457
326.0309423347398
363.90342679127724
363.8475665748393
356.4262857142857
344.12152216837194
332.29165339280024
317.37192081003474
302.18057193396226
290.41406363504285
279.5948025551684
266.2557441057216
253.98773291925465
239.5855242318657
226.17111969111969
212.96842105263158
200.52960172228202
188.0057897862233
175.74200086868393
162.41058122205663
149.50459317585302
136.52807283763278
124.42813393221724
115.77062289562289
107.34741676234214
96.73910939012585
80.88141650422352
84.01666666666667
85.11782252050709
110.71092217135383
95.22512410964818
106.83437378072571
119.6829936632985
131.22541603630862
146.21879267959574
161.80072615556486
175.68602962532674
187.48486779229054
198.0701312713541
209.41147826086956
220.89213328753007
232.53434092213507
244.20947850599012
255.6780929180442
269.38976234003655
280.0815298507463
292.33506300963677
304.74894165286213
315.91745648802345
329.79193464279507
340.5610561056106
347.23604287628405
351.96512430939225
343.6627373935822
312.7700421940928
349.7327272727273
369.2013793103448
361.2021891152326
348.7085665088248
337.12052064920454
322.6838397181858
304.2233309908644
287.996388387276
274.60036728351463
260.3421727972626
246.1963163906339
233.04302951010322
220.04319180087847
207.55316570736142
193.84863024299645
180.08477870813397
167.3387809187279
155.9984328251888
144.16265146115467
133.66485214065028
122.82953199052133
111.25199218162682
99.89702212610214
87.90058743786715
76.3487684729064
134.93713163064834
148.91395793499044
83.41252513645505
94.95121566150931
111.01258761264484
125.85579064587974
141.88008458763528
157.53092603377985
175.46765764719544
191.41063727839003
205.6764705882353
218.78973295307233
232.25790326938665
245.07069981319154
256.7349415870126
268.9308083292343
280.4597941740799
290.4948805460751
300.63665212217376
310.6884959191605
318.90832867523756
328.387220939184
337.0360378101615
345.06215270631816
354.340097799511
360.07089552238807
327.4267578125
366.45118733509236
367.5056179775281
364.66682867557716
352.8629856850716
334.6109025379186
319.36329695577257
301.50983339596644
286.0292142773
268.4443919716647
251.00580156287
235.64211318860586
220.96848137535815
207.0983317509833
193.19788477595324
180.18171806167402
167.48999451754386
154.8461435098092
143.3406489834388
133.4559216384684
124.26138279932546
111.71488344291691
95.48749690517455
92.56876456876456
154.69252601702934
155.93632075471697
101.7457051961824
114.82345229424618
130.75750865051904
143.46227470478559
162.11338311315336
182.0335102853351
202.4250280583614
217.74287215871766
230.51684422689317
245.77220858009534
262.2865892972276
273.036247723133
284.54747436384355
297.0479413423576
307.6670315635833
316.0728019413851
326.3901626494219
335.98285469352766
342.7066446098704
338.9624155405405
336.1689419795222
312.5265486725664
298.2781954887218
347.217890849405
342.2019412878788
333.1949806949807
319.12411400995325
304.35410877332276
289.1720674399139
271.9980412489918
256.37065422636897
242.03201719651545
225.02270081490104
209.00088216761185
194.38398914518316
180.97546600877192
167.34256579853934
155.96630598548145
142.6395412342982
132.33148558758316
121.19406896551725
109.9266695766041
99.59509006854775
85.92264003133569
71.67236699239956
78.68869047619047
74.6391982182628
94.37385086823289
84.94495569188821
98.60538179768949
113.32851637764932
128.74990854773807
144.9852090747331
160.34173976608187
179.43682652457076
200.67248394004284
219.19926913155632
242.51192241871078
259.3936543767243
272.9901827106627
286.56823939202025
298.208448415922
309.2393222732086
320.06648679899786
326.6782546152002
327.55643972885355
331.02025905014943
337.9368029739777
339.6022099447514
330.884
319.35714285714283
336.42517482517485
336.60094871034687
331.1374007098192
314.9292105263158
292.54531928084316
271.0622117223535
251.4495514453428
231.40167410714287
211.89622414622414
196.66721199727334
184.554201411161
172.02039397450753
174.36535061873894
184.68165596002856
180.88678516228748
180.3486146095718
183.0247896292927
186.49906967128385
191.19262455865046
196.18922571925083
201.4498755374519
206.89975877780756
210.39324324324323
233.57580398162327
