285.0
161.8
93.66666666666667
224.5
218.0
84.5
178.5
231.5
306.0
107.0
107.0
nan
nan
nan
229.33333333333334
251.5
198.0
175.0
147.0
93.0
138.0
268.0
300.0
176.0
176.0
nan
135.0
135.0
nan
198.0
157.66666666666666
157.66666666666666
nan
nan
nan
224.0
233.0
233.0
nan
119.8
0.0
97.0
93.0
225.0
225.0
nan
141.0
132.0
132.0
nan
190.0
92.33333333333333
92.33333333333333
nan
127.0
127.0
nan
nan
nan
0.0
0.0
nan
nan
nan
nan
nan
322.0
322.0
nan
250.5
250.5
nan
178.5
178.5
nan
132.0
289.5
140.0
140.0
nan
133.5
139.0
42.34596912521441
67.43137421437065
71.82303785613946
101.00953615906205
113.8241569914794
159.31645026801667
222.0412052487864
286.6682420550182
358.89205619522255
402.20096304672967
431.5689210950081
368.1323987538941
365.02764976958525
411.3630573248408
453.53592814371257
456.86012640835395
443.49290820378985
426.12837407013814
410.1792791867748
394.58808479532166
365.9999497537936
337.3262261314925
311.60757194747134
288.1428695125119
262.42021223842113
231.15384615384616
253.4897801774007
248.22617635429023
247.37070416955532
267.94910373200116
297.25014280274183
335.67935492589754
366.20242647570046
389.32033635760126
406.02933291278976
427.16582914572865
442.3751507840772
383.51594202898553
355.72087912087915
334.9139344262295
439.04505716207126
437.4448014689006
431.919298245614
415.5038773198571
410.3358805343289
378.07241459446897
337.40009156577474
303.3267169277889
275.72246006915856
251.57802428421525
241.02063157894736
247.14861294583883
262.4651442307692
268.2954198473282
259.47538337368843
254.5752714708786
273.5906608715034
302.35651380333104
348.6578848911891
401.489059125545
420.3152173913044
422.2821818181818
427.0028585040495
366.5313531353135
364.06138933764134
