322.8728476821192
336.8924812030075
341.9076163610719
379.5125391018504
139.6471088435374
257.98154981549817
277.56955380577426
357.84835630965006
364.8731481481482
354.62247928716585
333.6930860033727
319.6880245319561
307.1754729288976
299.14622288706056
288.99324430479186
259.91828621908127
226.93487362381765
177.5775258419473
195.50560224089637
194.33395176252318
207.55124317768343
233.0574975498203
235.2167060677699
237.62094372158646
269.8976771537783
287.4737415954934
302.8781635301752
309.33526955890363
322.82237136465324
321.3679335675503
304.379211469534
299.77714556661925
334.36464968152865
331.00431034482756
328.8387425658454
308.8681163513132
292.20466431095406
266.3607248209018
233.33999155999436
196.7970131656514
151.9317046085508
158.01268498942918
208.2806479859895
218.98843930635837
224.2013215859031
249.96490074930983
285.51158243080624
303.86789998554707
312.04123561124874
322.84908700322234
326.33125508267824
273.44884488448844
274.2400468384075
331.2897135416667
329.12211077191455
327.20607057963065
313.0812677773263
292.53120356612186
272.02571819425447
245.20417878868025
210.9720913374411
178.07325501036627
278.0533141210375
251.17473684210526
199.25130890052355
220.10205066344994
224.53197953309882
252.15811478525276
283.93253689388615
302.0894079143112
312.2913724286153
321.53182751540044
324.35299539170506
307.6273734177215
306.1573705179283
326.14668452779637
327.7628691983122
325.0330955212049
316.4937626432906
302.42208511311503
288.8381982515928
265.12995817106594
239.18440281652718
208.2964531498147
170.14102564102564
202.99031007751938
220.80705009276437
196.8714609286523
215.52329139748386
221.55494316224596
231.4990248342218
270.0136275146009
292.2711154544185
305.65281030444964
318.27706839251357
325.07207207207205
318.49463464486456
337.66765799256507
320.7798634812287
324.95916568742655
324.92951637388853
320.27392560491154
305.423343373494
290.9371760640804
270.4179518815546
240.9375623663578
216.66672363698513
179.09687308399754
161.894852135816
150.74830590513068
187.7263990955342
223.39862914862914
230.87274909963986
235.95968873580813
263.8242953020134
292.3989791578052
307.2954945203626
319.2236722856625
326.6288564138251
315.1734431291817
333.445219123506
331.9046302695231
332.2867513611615
329.2675026123302
318.0446096654275
303.22953705333566
285.36285342866427
266.5432820855615
237.45386320996076
214.25994065281898
181.22471910112358
263.74153498871334
220.95658682634732
201.97338228545203
224.48626045400238
228.8541334749513
249.85887876277272
281.3139198678232
299.0496597654553
311.6125772884934
325.39908802537667
330.47208883553424
299.44059405940595
298.0345596432553
333.53865336658356
329.9013142725386
321.6294106427618
307.71218452281465
294.62817869415807
279.14945968412303
263.17068995035095
239.57704654895667
212.8590899559656
164.89132340052586
244.86401673640168
254.78064516129032
215.76382306477092
227.19224522939504
232.32208632082103
260.0486577181208
288.77940773238277
306.0822655794991
313.23803803803804
321.15785036880925
320.9050107592991
290.30947775628624
294.58180867746995
326.40330661322645
328.31029263370334
326.20341337566975
319.11640571817566
300.3900481540931
286.8444100978877
269.5928966061563
247.11380780583798
227.91748063320983
187.63898421413865
182.10638297872342
188.54968287526427
206.19982698961937
235.17417918753478
231.23565380997178
238.20400603649335
268.507908847185
291.795676869675
306.858666266146
318.85296889726675
325.28836045056323
295.7160927617709
293.4863429438543
322.5509365006852
328.78195096504953
324.9081803005008
315.11830477908023
299.612689044633
284.42496612466124
266.9291406791407
243.2019566736548
214.83730656629027
182.7710965133906
171.87966101694914
161.60035842293908
198.7556053811659
228.2380410022779
232.03362445414848
236.9084188292094
258.8720257234727
286.4271844660194
303.1812593703148
313.0437929114864
322.0754587155963
321.28388349514563
276.2
276.991637630662
320.474011299435
328.4663143989432
328.1177059854746
316.2801091061687
301.7581632653061
286.39902126858647
273.1040268456376
257.01362739824276
234.772056039379
204.6417556346382
171.16046758767268
188.30769230769232
180.86904761904762
199.90568060021437
208.97822028624768
212.3438585412062
224.06092124814265
247.52603648424545
276.24295543905635
294.8576899509804
300.4084331725533
314.858826996758
336.8381881533101
352.9831897160616
350.8622016936105
363.41418596104376
384.8633343878519
399.115169964485
367.2881915772089
307.5230769230769
324.64973730297726
