109.0
112.5
175.0
188.5
169.0
169.0
nan
nan
nan
73.0
73.0
nan
100.79729729729729
74.1401151631478
71.65803108808291
49.67168141592921
45.575274725274724
64.97104247104247
54.9859649122807
36.43324775353017
40.343109682603455
39.69761904761905
42.47381733021077
50.63832743243849
85.67726169389228
136.58100446107355
186.10610498506776
239.1799185358777
302.38549605835595
357.54083048676347
396.67780943776495
408.27943852352485
393.43029666579156
382.25371549893845
413.0256738146764
387.3800211745656
362.0505294809779
326.07038999098285
289.94985921059134
252.30430357662112
213.73812929721748
181.54250774771756
153.01200791730813
124.78339510748702
99.16831738885763
77.23581827309236
63.90982321072141
57.0554272517321
98.14070351758794
89.8650559811432
88.32554287817446
72.25103370150099
99.6266354907716
127.8121623833688
160.09598843244848
194.8295108507112
236.64536461159577
282.33025622551446
322.25056724651864
366.6088840736728
353.8019751835908
370.9177559912854
315.9431113138686
280.50269445371737
237.3300930036921
194.38882395252654
167.23241469297378
138.27031085139194
113.83053501522402
90.75798058641048
70.64980847165936
52.284072366087265
45.46327625335259
47.810579608938546
44.96947271045328
55.26428571428571
63.343173431734314
59.8230563002681
62.158399673402734
79.47903377110694
114.51748278796317
151.62853354033248
196.86083458733648
246.1432972926711
287.6997331808653
332.0752769767795
391.6405471510101
419.28636292469076
402.37509266123055
293.11159546643415
415.3001127395716
402.41854847179917
378.4375386136167
330.7163537462713
284.7759086609918
241.93039163090128
205.92599821930006
166.25025776992194
136.13478096676738
108.12382943903991
81.72617859123683
62.37920468473376
53.35347621536853
55.15230263157895
51.792585853991355
46.951919191919195
46.502450980392155
60.44752818733738
