223.0
315.6276595744681
142.76225854383358
130.09815950920245
151.12359550561797
156.2198952879581
152.79496402877697
156.01846153846154
154.9211356466877
162.0933660933661
178.1741379310345
187.27615062761507
209.11584327086882
264.5409024819529
252.5974813432836
234.9797713280563
243.45496950125582
248.5550880883513
244.18270693026287
264.3775974668514
280.5399851906701
276.94326575514697
285.66629560915277
289.92822892498066
294.8929849677881
307.03283755070504
316.6189024390244
325.8809024134313
336.54046920821116
341.9197324414716
352.00203481799684
375.2457956015524
382.6142649199418
380.5896174863388
390.80263157894734
384.9640762463343
392.69084507042254
408.9427456083279
414.27131147540985
416.47733105218134
422.16440831074976
422.8084378563284
423.60341151385927
377.38961038961037
417.2340425531915
444.3532934131737
434.6503856041131
418.5841121495327
417.06367432150313
412.15120967741933
407.7733990147783
397.3180661577608
397.11179698216733
387.62122146822946
379.4058795637743
372.12085606378514
355.1981566820277
355.29954218443424
361.87899388171314
344.9208633093525
323.81958535509483
308.7057793345009
298.61427929950605
301.0970515970516
281.1509727626459
277.0245076586433
272.0477611940299
303.85547201336675
293.3380281690141
286.13415315818895
270.81327800829877
281.0300107181136
286.55423522242535
299.84609738194274
320.02109835556934
343.4904181184669
347.2106339468303
355.38963730569947
368.6220789685737
385.09923664122135
388.3775038520801
396.8462109955423
394.27710843373495
404.74719101123594
417.55703211517164
419.4742647058824
420.37392550143267
422.69093610698366
411.91198786039456
395.4270613107822
341.2549019607843
326.36563876651985
382.7974910394265
403.32297447280797
416.29092702169623
420.0083179297597
414.8281665190434
408.62259800153726
398.34276923076925
391.38524197412556
379.39597942964
370.9153737658674
357.9777462121212
354.16311688311686
359.4569097399286
346.4283825473777
328.7827681026581
317.2869399428027
311.8421052631579
308.9566179725542
301.2622448979592
288.6
295.7391304347826
269.9271844660194
312.46675358539767
286.18349928876245
280.360568383659
283.55526315789473
302.4076067456046
300.0675961132235
174.00640063892297
334.15318011758416
357.7333138173302
385.2410044007248
388.537708129285
365.3759015697921
373.2944325481799
379.783908045977
385.79202501954654
397.36965998256323
408.4422348484849
411.771719038817
416.8978947368421
420.8615384615385
414.25240384615387
376.2701421800948
398.6754966887417
438.84840425531917
427.1941624365482
422.96868475991647
411.17009132420094
401.8484107579462
395.1094890510949
389.69877049180326
382.027541311968
383.27814060699194
400.7297141207046
383.4175016700067
375.9513801756587
363.51008827238337
344.404296875
325.16798245614035
313.88649706457926
305.975462962963
291.29622980251344
274.08503253796096
262.06834361651636
263.2236951118476
333.3505843071786
299.55728429985857
280.5041398344066
264.14285714285717
269.3312182741117
276.5398316062176
287.2548186867037
307.7567169672433
329.8164251207729
345.0256959314775
353.2480620155039
366.6853582554517
381.6659467242621
372.6367094626724
380.97788404064556
384.70244956772336
387.1013698630137
398.61560693641616
407.1791383219955
411.5436170212766
414.5669700910273
408.1758793969849
404.0
430.241935483871
430.25255972696243
426.82179341657206
417.36218250235186
408.06890299184045
401.59183673469386
390.7021116138763
389.64351851851853
378.9983402489627
381.82756208464497
390.52502979737784
370.3923027166882
372.93693962940824
355.8620210993892
334.2802983219391
318.4991984610452
299.6326109391125
289.2033834586466
297.56257242178447
298.3348623853211
302.1172043010753
262.314606741573
306.40362087326946
296.29446064139944
289.9845360824742
290.18
298.51754989676533
318.41328297135664
341.2326700898588
356.992762015055
367.5563880126183
386.1153605015674
405.9485294117647
386.30630990415335
379.2088036117382
383.48646496815286
392.4598612487612
391.05601907032184
402.79257641921396
403.74468085106383
417.39690721649487
426.83197389885805
430.3682432432432
431.8034188034188
388.03636363636366
374.26446280991735
407.5125
414.7329479768786
417.3643771827707
411.16300940438873
400.97159090909093
391.5412599822538
387.3924914675768
384.7785485592316
389.0958560066974
405.26000734484023
387.5489332881815
386.71379962192816
366.75177570093456
344.8507313829787
326.589422407794
319.57943925233644
310.15658061785865
303.8735244519393
295.66781157998037
291.7251908396947
298.03089598352216
257.677828513445
295.29014989293364
290.4349854227405
294.20137398024906
303.442415206858
323.5085508550855
344.4522215459525
347.9802828975568
357.54141815772033
378.90032969819936
398.99702528507686
394.02902055622735
376.0860781730347
379.6676682692308
383.4070484581498
383.49719416386085
387.20870535714283
392.96074154852784
402.2712895377129
409.5853018372703
413.27765237020316
423.66896551724136
421.6477987421384
416.02941176470586
387.55232558139534
366.62985074626863
403.1592261904762
423.1862464183381
417.865889212828
401.0811808118081
392.95813953488374
388.0340579710145
385.20362239297475
380.01004366812225
392.9014251781473
398.13686534216333
383.9306135560553
375.2835497835498
359.59953596287704
345.3446340893149
328.7894736842105
311.167711205816
294.9733443253641
280.64362373737373
275.32151529868867
285.52100221075904
334.97921478060044
355.8985507246377
288.00607287449395
286.3622489959839
287.8611855823652
296.3829787234043
314.5220385674931
330.8280551777735
349.8291499683611
355.5191082802548
367.5020419275796
391.1500477099237
401.3430434782609
394.9834605597964
382.2007205352548
376.9503448275862
385.1937134502924
388.49025069637884
393.3137254901961
398.8916761687571
405.1984635083227
406.7262313860252
412.53823529411767
412.99038461538464
393.7741935483871
404.57142857142856
405.0035335689046
420.5745222929936
417.1210268948655
407.5285880980163
400.447261663286
396.4732991953182
387.55404640633844
381.94573643410854
402.01610253039763
387.27536231884056
367.9788984263233
372.66755763448043
355.2718611772712
336.1710891089109
323.0305113880533
309.5343114055845
302.9150395778364
290.3310502283105
284.8529023746702
281.0745542949757
283.97938144329896
254.43955223880596
306.1532951289398
278.98537336412625
276.9231966787753
285.5066864784547
300.98511904761904
282.058155635558
175.1429597345352
314.9274525968673
338.1967020023557
357.5847328244275
374.1051766639277
390.69504800404246
402.7916392363397
378.1453320500481
379.87773625200214
389.43924731182796
390.76258309591645
400.3246878001921
411.54070351758793
417.52530364372467
423.56288659793813
424.43989431968294
427.35227272727275
358.94166666666666
369.03021148036254
386.4686192468619
417.0872210953347
417.4806517311609
407.1943081452404
400.8588548601864
394.82349570200574
384.03924349881794
375.3855799373041
390.89000278473964
389.0047135605511
379.17467079783114
370.34722222222223
351.6909990720693
331.8123647604328
316.48220640569394
311.42268540959765
309.63099146421536
300.10785619174436
285.7828987265009
282.0477792732167
287.7956989247312
326.30885122410547
315.3686354378819
285.2519083969466
286.83627717391306
285.4587320574163
282.3009433962264
292.958349254872
306.58330738087824
315.9481522338665
337.00471815247084
356.84012539184954
371.52955531453364
382.31927162367225
394.6446018563752
399.7372162975116
383.9737084870849
383.59332509270706
382.75468331846565
394.85702127659573
397.66089108910893
400.0586166471278
407.7339782345828
415.081550802139
426.20648967551625
427.24719101123594
425.5736842105263
413.83962264150944
358.1818181818182
399.34892787524365
418.4458525345622
413.9516129032258
398.76114081996434
396.32175925925924
390.79862414008755
379.7861136999068
369.25581395348837
405.1454545454545
390.2268464243845
373.2925846319183
369.1047194177037
354.87752675386446
335.2512249443207
322.28920521945435
308.96555217831815
296.9561810795125
288.35040122277417
284.5803083043262
284.0667102681491
279.2
264.4559270516717
297.2123552123552
286.2074198988196
285.34456101601324
301.91346704871063
305.55758620689653
315.83766883441723
326.7421572840567
348.01553556827474
360.2453650720989
369.8878504672897
388.2789299669372
400.641124871001
393.5125
371.6652739090065
380.32591701743837
385.82712278558336
390.51557788944723
402.0340557275542
408.73026315789474
411.486301369863
417.74856486796784
424.9124087591241
429.5080831408776
423.90340909090907
407.1777777777778
361.8021978021978
408.0977272727273
428.06561679790025
423.60580021482275
410.46948818897636
401.73327386262264
403.3351498637602
202.46323490916706
386.7840755735493
398.8984115256742
396.24315443592553
376.5120870265915
372.59706703910615
360.33823038397327
337.9841206828106
320.86481947942906
312.87295656235403
304.3014440433213
290.57894736842104
279.02785145888595
274.09361393323655
278.6846038863976
284.41597028783656
316.2553925798102
333.98258706467664
341.6273187183811
353.0063424947146
340.4992050874404
325.22169491525426
306.65666765666765
