74.0
74.0
nan
nan
nan
nan
nan
nan
nan
nan
nan
nan
nan
nan
nan
333.0
163.0
199.0
199.0
nan
nan
nan
165.4
93.8
93.8
nan
nan
nan
nan
nan
nan
nan
nan
nan
nan
nan
nan
nan
nan
nan
nan
nan
nan
nan
nan
nan
134.0
134.0
nan
nan
nan
nan
nan
nan
nan
nan
nan
nan
nan
nan
nan
nan
nan
nan
nan
nan
nan
167.0
149.0
149.0
nan
nan
nan
nan
nan
nan
nan
nan
nan
nan
nan
nan
nan
nan
nan
nan
nan
nan
nan
3.625
24.5
34.77220077220077
39.14182692307692
48.485380116959064
38.69345794392523
52.846703980099505
48.164336586652595
54.49102729421878
63.88258811152025
103.7876666824847
141.7011446778381
182.71473931902588
226.72954331378565
274.4147579441246
319.2440336519201
361.9935692896765
392.5830655830656
409.9172946736493
295.01807617817946
350.9400921658986
406.6885245901639
408.75399687462436
386.3898799691664
347.8084433909019
313.30202312138726
277.11508459122683
239.0353389655883
207.47100770351864
182.44841747891797
169.3463182897862
148.30680310782643
131.73193577163246
116.45552910625406
94.65649662354568
69.84440866510539
107.24260355029585
91.50151449588923
111.18638545953361
102.1867962794601
122.18427163424326
140.4776138121316
165.48922775158974
198.2389222067476
244.60063897763578
303.2576927947322
343.24842474950935
386.9016203206258
430.0588448635416
415.71784232365144
300.54295154185024
406.247963800905
360.17506631299733
373.1147368421053
436.46665319320937
431.96485477556223
407.9012618118033
374.3417094993337
337.67129753615427
297.8590050048555
258.44105087640816
224.42451543579782
192.34259184169977
166.09052582812137
143.75351206710235
118.48419532545329
95.82953527077198
82.12135484517486
82.71058514135437
97.65647940074906
111.90363516192994
116.61676601524184
111.82311458211913
144.18118166639738
185.63256303371242
241.74838969404186
313.9106648199446
361.8956881330731
404.3735338109108
432.63753387533876
379.94942528735635
376.99522445081186
432.4666334661355
425.64957956015525
400.26920450665756
372.19136881441744
338.6409584583527
296.87073531516916
252.03353828954724
213.11125690230168
180.4148287189113
151.1958128843884
120.57742384022248
97.3632972771354
86.29850469025726
78.29405069839628
56.41110553604282
123.40508021390374
139.04824405817666
89.4322784166073
98.54160016653945
135.31989619377163
167.86174657891988
210.53715240844858
253.41922522151248
292.5813002526993
331.8386545648692
356.7468346976032
370.74076787807735
379.53655962611185
398.7927485380117
373.60825892857144
386.36357091432683
393.69722901385495
385.9518523138331
366.13382848497355
338.8409947673437
298.22113295021006
260.66346007797074
213.77544861777227
171.7722495419921
140.9795018608646
110.27806300310579
82.32909015025042
73.9022792022792
135.28713486637662
120.41006984866124
96.79970079787235
111.72156206114292
153.39511191654015
177.49687778768956
212.4999488438715
