217.55234619395205
220.27166905444125
347.27777336825676
380.3795512941029
387.818332081142
392.4061578447543
388.96801740111175
403.0350955414013
204.4623228551929
230.33770958557417
332.71941719561454
348.7979966611018
361.56258023106545
362.8729615280656
355.14387556707715
349.35505373418584
346.1961364084368
342.37547838412473
344.4322807017544
336.52902732982517
327.80369858645975
325.45663366336635
318.5959800350735
327.38224719101123
334.8399443284621
317.12495873225487
302.04098556733913
286.3547355686139
282.6397456002788
278.6281570392598
267.7488850459634
256.6208494208494
237.48863963186656
218.88464893153073
229.97961432506887
247.2399501402306
247.96246648793564
249.32745686421606
250.60024752475246
251.7949067758072
249.2102596580114
231.18389553862895
196.6835294117647
192.3567735263702
229.77117572692794
246.38993710691824
225.98022312373226
204.40523525513586
201.16347342398024
193.67609254498714
195.50040584415584
205.07327080890974
223.3222718570517
242.2579257607137
243.87147192716236
247.90522339027595
251.74911397127403
253.82691425951398
251.41532139712356
247.92584269662922
241.43434343434345
281.2617021276596
292.96016483516485
263.2257482870537
252.6843777071903
246.4934266327396
236.69883472837682
233.35480041549192
234.65773768216516
222.9933675007537
204.4194606413994
203.8528233151184
239.86647132691502
246.33728636205092
228.13358017658786
240.13809746224507
305.5797455077826
270.5078925744929
255.37244032130332
268.27471788715485
287.2979740680713
323.00444737847886
343.4525478391744
362.74303843935184
379.88402278457374
389.1936745155965
382.73115539473014
348.13204184424643
254.79689521345406
307.2003938946332
371.17380261248184
397.62288580426923
178.22073512351093
120.90213494279794
385.7093665969525
383.75381918357124
378.520617957951
364.43014705882354
349.2875248508946
342.4730207351555
328.7345360824742
319.84190971577186
307.97123535574815
307.43776184712783
304.9137915742794
297.66026262448224
287.5393104628283
280.1551634665283
271.8481795511222
253.08368915456873
214.70324074074074
238.969390975071
227.80547337278105
232.7864705882353
231.10122263292578
221.5036742192284
226.2588159171789
198.1193862275449
187.82197273456296
191.0294351630867
201.3505549177191
221.72066822066822
227.1436151397241
240.22355072463768
244.54794520547946
254.47188973521943
240.39872500724428
237.16935690494492
235.31613192730535
222.30359581247154
221.02701018076044
222.02767821585027
215.14627228525123
201.43904174573055
192.7870654396728
187.67960173602248
195.75730110775427
210.07953118459608
242.38055639552465
247.97489791016093
250.55947712418302
255.63460961711488
273.09724487946346
280.2880149177827
296.58493397358944
314.3024640088594
331.77436922652697
347.2399046550757
358.56271278768895
376.4713684479021
379.0884961523412
383.07729978151133
393.05304080061586
397.8065705952994
405.3383239354462
418.1097548873673
418.27495830355014
409.6350198110332
391.06788726599467
355.19874357509997
253.14575163398692
270.2902208201893
345.69285447063226
397.7398632144602
418.4996882145084
430.4716006884682
436.4637945722283
430.87307818122343
426.0133100165161
415.79169783096484
408.0592093906439
399.2819733063017
391.2058130400628
383.8915251608901
372.8986875800256
363.1932425862907
350.7139599283271
335.466065747614
321.25226112653354
303.68597755679224
287.4312720646851
279.42774427020504
273.765707168558
264.4775326139475
257.14526727046706
255.8013559322034
262.20142857142855
262.6187476843275
275.0164217804667
284.1929563492063
290.54864433811804
296.3258547008547
291.021029082774
269.2712294043092
267.3532182103611
263.97337006427915
264.86145251396647
294.4497475906379
295.68623581647756
287.50392054364875
270.42350856467806
265.54125
242.69826989619378
229.614696485623
214.5539606592238
207.5270562770563
191.960855712335
166.46720151014628
166.46838156484458
187.28513119533528
200.3568257491676
197.01942795466812
194.30135440180587
187.5382669196711
182.85088293001962
163.71660516605166
