103.26666666666667
101.23333333333333
66.5
180.6
180.6
nan
203.25
147.66666666666666
281.0
281.0
nan
2.0
2.0
nan
143.5
263.1666666666667
143.5
34.85704467353952
38.09944751381215
45.54768392370572
50.565531475748195
60.25245316681534
64.05122950819673
60.600554785020805
37.80061823802164
35.014398139867644
52.40305202086685
72.4829963235294
105.23422640711955
150.10267982415115
194.873833168964
248.12694907314463
296.5927497541099
340.0550159963437
394.01508422664625
430.8123685001503
444.31069991954945
380.6940509915014
319.98940998487143
444.3944976366501
421.7390283547047
377.3447705663497
327.74198780100835
277.6237367267344
227.53275592787165
189.79615634994764
158.24402740909932
126.88329041686966
93.5002388344877
75.69159768951349
61.32703751617076
56.098534688995215
83.43639639639639
83.08857651759496
109.21283932501834
144.64657638756438
179.05765084615612
220.1360149022827
257.7573522337321
297.57586817075867
338.03183921837507
377.00928346582725
393.4990723562152
410.7583635763774
426.42324749085816
438.95112300709883
434.6917349218168
420.041095890411
406.22888616891066
438.76751472615615
392.9269421487603
344.7916451557391
294.2775589839939
250.93673689747777
209.18731593903385
171.7351287911545
134.3201007435836
99.45015941180299
64.74307983989888
44.566900296773376
40.099694189602445
58.914436156208865
103.49776035834266
105.02325581395348
57.22853061953223
49.925489359432504
78.03992862673805
115.8850389242746
159.85461201368105
200.1409844836811
248.3989646136475
297.4712528096534
328.9539395984478
383.9500637997034
422.2009246088193
433.26143187066975
430.5099826388889
399.47945205479454
429.7911585365854
442.2802325581395
435.28098344204716
423.46065808297567
384.9054805108764
347.10748592249087
310.7183298862461
266.8671494472077
221.60108926334092
186.4175160944206
155.44965572298173
125.00127122119248
99.82376427777216
80.25152571926766
68.30212962962963
107.51627787746732
101.81050420168067
81.22900822598169
103.81897267759562
133.09292363734485
172.08811199471532
211.3310875842156
256.1228450200983
303.89977354469164
341.5659976159026
382.1187081048141
419.0919109026964
386.1344032096289
410.8169235608682
444.9493018617021
426.7363882313155
401.9648093841642
358.32445054945055
316.4245522517823
281.5287498561068
240.2503468886754
204.67556312205343
173.62811864856107
144.7393716817692
116.22611173298057
93.12076029283364
75.5127059480592
86.20663025051799
89.27463823305408
78.46837845938656
92.21365538385052
