238.3849476881539
207.35377597567157
286.37302036199094
99.89530842745438
206.61544991511036
246.73793755912962
176.80401002506267
203.60093530787216
259.51781472684087
316.78001772264065
254.8098073176012
254.3672914779458
281.44444444444446
297.76903004547825
322.6254617089387
327.13278609367455
328.63445159047455
333.59254046446165
329.2884228669922
331.6359601775219
330.0011948529412
320.28456078083406
300.9082724647528
276.4158118146445
258.18036432053367
235.09436970602889
216.18396582055792
181.90925373134328
210.6944526846633
253.98972417522987
236.42270144251785
241.71322609472745
258.06411917098444
282.7533838036247
299.0497606153363
313.4027392656079
325.4272277707748
326.55157953592396
319.1517623070201
356.00121654501214
357.72720797720797
336.53231585932315
332.67351793700635
320.38393318408816
303.3654056786587
287.68269963587096
269.5553761155971
251.5310706264038
205.0883110798782
245.94424890891173
235.90169067000627
225.40825736141676
241.97422389463782
250.85924578233542
273.50779528893406
288.6827224310777
306.4341059602649
322.2293824319141
324.23744670772146
309.4639099584047
329.5171630489652
338.5405405405405
331.9588838128164
328.7293016558675
311.85425551641015
299.5676827573427
282.64730025538125
268.09876993166284
249.94870390653523
230.0293052354297
180.49475470533787
236.88517618469015
250.66487455197134
231.35477063201157
238.94935865400632
263.1018117064107
282.70439109145474
301.61513674944985
318.45974329054843
325.355168682994
326.9158620689655
314.77276995305164
316.85595567867034
339.1178918169209
334.03698527040103
325.522538208551
315.2368901881966
301.23200677392043
282.36071148312845
264.3395268817204
246.0750627848572
221.9021299836155
156.99418310571573
160.98240779991522
239.26905352711805
226.18761609907122
247.97581281219877
273.77241142661063
291.5827980573398
311.8072443911629
329.0582151029748
335.2820873055695
339.6350538536858
322.85555113410265
320.9802237835025
347.591218305504
340.1460765052583
336.6470645792564
324.6853803410615
306.0392552508484
287.54953601414053
271.8666546697859
254.110885341074
232.15353133769878
204.7745867189689
173.03581979320532
149.64345663661797
239.00556353194546
229.31489269923435
246.90756927654826
264.1173152387181
285.3012723924326
303.1347339390006
313.17137247569184
325.8290367705835
329.35703001579776
320.4923396520384
335.50713547052743
347.96676338696915
336.01300753707756
334.09453761828917
324.73008500569625
310.0125774862995
289.33683171869393
269.8936130185307
251.26230815228223
237.8288308740068
213.71787200832466
204.50341463414634
180.04933135215452
226.06629180230837
230.87712813620072
247.76911696717522
267.46483047154186
286.1496820759581
305.2737793851718
314.69479146646165
325.18793891427936
327.50857966834894
309.0409356725146
309.62216788916055
322.46744659206513
328.3012733341575
325.2512132163139
314.0128687388636
303.2190215338119
284.18619391898585
267.9634050108503
251.74243191252404
236.80287524366472
211.7160564182932
179.82908458864426
251.41567818463125
267.9624101713654
229.24947807933194
230.43186558516803
248.80882636346118
264.19153573699026
285.66067790331545
296.7802874743326
302.9629595418437
314.6202647657841
319.9735138316657
323.8657842300029
323.37706725468576
307.1179976162098
329.82013715710724
330.75013918271907
327.2380025309063
312.6627443713518
295.7378121832089
274.65417000801926
261.96628449280996
248.2785227756492
229.95766892279454
200.61608521148503
158.1108351443651
218.82027929568912
282.2070732957458
222.99220090469507
229.7150876389048
248.98583460949465
264.6831614524655
286.4806791051375
302.1812881234302
314.56467813782865
322.95633552700303
326.7855060943296
326.814458253107
357.5141914191419
347.8140221402214
333.60126227208974
330.3888299001911
325.57421643997634
309.5873403456048
292.99566971754746
279.082530292911
262.6588647777883
253.2614060555786
233.41049695740364
208.73082732002013
158.0800961153384
195.60132645541637
278.3604599734631
228.2156033169741
237.2537313432836
254.66208308952605
270.33090316493696
289.6475409836066
304.7274339421883
314.5739955768522
324.55955997904664
323.06684315023165
316.4113399304627
341.1043795620438
341.94464944649445
331.6061653303843
329.8132138857783
321.51528384279476
309.30982905982904
292.53625883227966
277.771965939927
260.21593433124093
250.58859126984126
235.76986754966887
212.68638970485384
158.03997093023256
162.45734308348568
215.5970731707317
226.8310929281122
230.3386048526863
225.34673502428495
236.14488517745303
261.27430622938095
284.2439807383628
302.81021897810217
317.15801213418985
329.08181209978017
337.0289095847885
347.62407964326457
357.56111357586514
362.48422759433964
370.8921484037964
379.02099681866383
396.32647644326477
407.4639483989864
408.92476851851853
