238.03703568875594
33.54696618434727
21.823505069315125
89.45833333333333
41.75
10.613138686131387
19.586337760910816
27.16164053075995
15.772640911969601
27.1815
40.41525768995722
51.237813493465204
67.27193970371654
82.91935215946845
97.48553508871059
94.82714566061917
100.25518839087486
109.09991305427897
141.30819193500614
201.46069331312748
252.16915337842786
288.35308891305476
331.3562182906205
363.5579815138646
326.8942172073343
365.7452931683701
378.6905437533553
359.9459855489869
327.128613819415
287.2722821097018
249.31847037939644
205.41538662486937
177.24526689631233
140.63067619276978
131.46104777415852
131.4529373225595
131.88849689972204
150.11831656961354
144.71078047507177
155.06541225275947
137.91816492868273
146.3611651997819
173.63741339491918
222.65336860289355
273.7047304296355
314.2552262666011
364.04987989791323
401.06038166969915
421.78971473436275
373.9959390862944
359.96466431095405
425.1756894141568
384.8652091654404
349.2081134223326
309.6555763073639
274.7659988551803
219.34517617613702
169.54484202512373
131.9228128520088
110.22483418098297
97.7809415149561
103.69585028478438
110.4182086350228
119.84394649594147
116.16659228846841
123.10518046012054
144.09707061706393
172.57848350749322
215.31135433168063
251.65363694162525
294.8351844056601
312.20792716275776
323.73782363247034
340.5643273023227
316.70854078896974
386.16289116004634
371.5928523339318
351.2032401142685
318.6060294420122
287.3844059522133
245.27047021691493
193.35901194751887
152.05215507105183
133.25108532092636
136.5466579077024
125.40298015971021
186.71714808787632
210.36283510833638
141.13010726021452
137.68060408352514
165.6506512640651
205.01437434912066
255.76371308016877
298.5159918044173
344.8092265943012
336.21342402464063
315.38735496092823
296.4284751095629
217.2248846889414
175.55009107468123
